   1.6666666666666667E-005  0.21515118113402909     
   1.6866666666666669E-005  0.21515118527848406     
   1.7069066666666666E-005  0.21515118952235743     
   1.7273895466666667E-005  0.21515119386805695     
   1.7481182212266665E-005  0.21515119831804899     
   1.7690956398813869E-005  0.21515120287485898     
   1.7903247875599635E-005  0.21515120754107350     
   1.8118086850106830E-005  0.21515121231934098     
   1.8335503892308114E-005  0.21515121721237429     
   1.8555529939015811E-005  0.21515122222295147     
   1.8778196298284002E-005  0.21515122735391773     
   1.9003534653863409E-005  0.21515123260818617     
   1.9231577069709769E-005  0.21515123798874117     
   1.9462355994546288E-005  0.21515124349863848     
   1.9695904266480844E-005  0.21515124914100725     
   1.9932255117678615E-005  0.21515125491905268     
   2.0171442179090757E-005  0.21515126083605721     
   2.0413499485239847E-005  0.21515126689538233     
   2.0658461479062725E-005  0.21515127310047041     
   2.0906363016811479E-005  0.21515127945484724     
   2.1157239373013216E-005  0.21515128596212366     
   2.1411126245489373E-005  0.21515129262599739     
   2.1668059760435248E-005  0.21515129945025505     
   2.1928076477560471E-005  0.21515130643877520     
   2.2191213395291195E-005  0.21515131359552953     
   2.2457507956034692E-005  0.21515132092458597     
   2.2726998051507107E-005  0.21515132843011026     
   2.2999722028125193E-005  0.21515133611636889     
   2.3275718692462696E-005  0.21515134398773111     
   2.3555027316772248E-005  0.21515135204867186     
   2.3837687644573514E-005  0.21515136030377405     
   2.4123739896308399E-005  0.21515136875773053     
   2.4413224775064099E-005  0.21515137741534851     
   2.4706183472364868E-005  0.21515138628155020     
   2.5002657674033247E-005  0.21515139536137673     
   2.5302689566121644E-005  0.21515140465999105     
   2.5606321840915103E-005  0.21515141418268099     
   2.5913597703006088E-005  0.21515142393486159     
   2.6224560875442161E-005  0.21515143392207889     
   2.6539255605947467E-005  0.21515144415001247     
   2.6857726673218839E-005  0.21515145462447899     
   2.7180019393297461E-005  0.21515146535143570     
   2.7506179626017034E-005  0.21515147633698378     
   2.7836253781529238E-005  0.21515148758737088     
   2.8170288826907588E-005  0.21515149910899603     
   2.8508332292830481E-005  0.21515151090841311     
   2.8850432280344444E-005  0.21515152299233373     
   2.9196637467708580E-005  0.21515153536763104     
   2.9546997117321085E-005  0.21515154804134487     
   2.9901561082728934E-005  0.21515156102068433     
   3.0260379815721685E-005  0.21515157431303300     
   3.0623504373510345E-005  0.21515158792595243     
   3.0990986425992470E-005  0.21515160186718635     
   3.1362878263104375E-005  0.21515161614466616     
   3.1739232802261628E-005  0.21515163076651428     
   3.2120103595888769E-005  0.21515164574104911     
   3.2505544839039439E-005  0.21515166107679046     
   3.2895611377107905E-005  0.21515167678246283     
   3.3290358713633207E-005  0.21515169286700170     
   3.3689843018196804E-005  0.21515170933955879     
   3.4094121134415164E-005  0.21515172620950593     
   3.4503250588028150E-005  0.21515174348644195     
   3.4917289595084490E-005  0.21515176118019688     
   3.5336297070225504E-005  0.21515177930083776     
   3.5760332635068209E-005  0.21515179785867544     
   3.6189456626689025E-005  0.21515181686426924     
   3.6623730106209300E-005  0.21515183632843321     
   3.7063214867483812E-005  0.21515185626224290     
   3.7507973445893614E-005  0.21515187667704072     
   3.7958069127244339E-005  0.21515189758444342     
   3.8413565956771268E-005  0.21515191899634764     
   3.8874528748252526E-005  0.21515194092493725     
   3.9341023093231552E-005  0.21515196338269063     
   3.9813115370350338E-005  0.21515198638238714     
   4.0290872754794543E-005  0.21515200993711503     
   4.0774363227852072E-005  0.21515203406027822     
   4.1263655586586301E-005  0.21515205876560434     
   4.1758819453625333E-005  0.21515208406715208     
   4.2259925287068838E-005  0.21515210997931972     
   4.2767044390513664E-005  0.21515213651685300     
   4.3280248923199835E-005  0.21515216369485393     
   4.3799611910278231E-005  0.21515219152878906     
   4.4325207253201573E-005  0.21515222003449824     
   4.4857109740239988E-005  0.21515224922820397     
   4.5395395057122861E-005  0.21515227912651982     
   4.5940139797808343E-005  0.21515230974646044     
   4.6491421475382040E-005  0.21515234110545201     
   4.7049318533086622E-005  0.21515237322134090     
   4.7613910355483664E-005  0.21515240611240424     
   4.8185277279749481E-005  0.21515243979736079     
   4.8763500607106476E-005  0.21515247429538098     
   4.9348662614391743E-005  0.21515250962609841     
   4.9940846565764450E-005  0.21515254580962001     
   5.0540136724553622E-005  0.21515258286653868     
   5.1146618365248262E-005  0.21515262081794428     
   5.1760377785631248E-005  0.21515265968543584     
   5.2381502319058824E-005  0.21515269949113394     
   5.3010080346887525E-005  0.21515274025769324     
   5.3646201311050174E-005  0.21515278200831525     
   5.4289955726782784E-005  0.21515282476676104     
   5.4941435195504181E-005  0.21515286855736665     
   5.5600732417850222E-005  0.21515291340505457     
   5.6267941206864429E-005  0.21515295933534961     
   5.6943156501346808E-005  0.21515300637439222     
   5.7626474379362967E-005  0.21515305454895464     
   5.8317992071915318E-005  0.21515310388645478     
   5.9017807976778312E-005  0.21515315441497290     
   5.9726021672499641E-005  0.21515320616326758     
   6.0442733932569641E-005  0.21515325916079053     
   6.1168046739760480E-005  0.21515331343770597     
   6.1902063300637604E-005  0.21515336902490492     
   6.2644888060245247E-005  0.21515342595402573     
   6.3396626716968199E-005  0.21515348425746936     
   6.4157386237571822E-005  0.21515354396841999     
   6.4927274872422685E-005  0.21515360512086240     
   6.5706402170891747E-005  0.21515366774960218     
   6.6494878996942457E-005  0.21515373189028500     
   6.7292817544905762E-005  0.21515379757941736     
   6.8100331355444631E-005  0.21515386485438673     
   6.8917535331709969E-005  0.21515393375348335     
   6.9744545755690492E-005  0.21515400431592221     
   7.0581480304758769E-005  0.21515407658186486     
   7.1428458068415889E-005  0.21515415059244267     
   7.2285599565236885E-005  0.21515422638977993     
   7.3153026760019719E-005  0.21515430401701785     
   7.4030863081139958E-005  0.21515438351833960     
   7.4919233438113639E-005  0.21515446493899484     
   7.5818264239370996E-005  0.21515454832532557     
   7.6728083410243449E-005  0.21515463372479263     
   7.7648820411166383E-005  0.21515472118600318     
   7.8580606256100372E-005  0.21515481075873813     
   7.9523573531173580E-005  0.21515490249397928     
   8.0477856413547672E-005  0.21515499644394007     
   8.1443590690510230E-005  0.21515509266209382     
   8.2420913778796364E-005  0.21515519120320614     
   8.3409964744141915E-005  0.21515529212336360     
   8.4410884321071625E-005  0.21515539548000803     
   8.5423814932924472E-005  0.21515550133196745     
   8.6448900712119577E-005  0.21515560973948991     
   8.7486287520665028E-005  0.21515572076427908     
   8.8536122970912987E-005  0.21515583446952760     
   8.9598556446563948E-005  0.21515595091995424     
   9.0673739123922728E-005  0.21515607018183988     
   9.1761823993409791E-005  0.21515619232306607     
   9.2862965881330720E-005  0.21515631741315294     
   9.3977321471906697E-005  0.21515644552329888     
   9.5105049329569568E-005  0.21515657672642183     
   9.6246309921524398E-005  0.21515671109720025     
   9.7401265640582689E-005  0.21515684871211563     
   9.8570080828269696E-005  0.21515698964949534     
   9.9752921798208907E-005  0.21515713398955860     
   1.0094995685978742E-004  0.21515728181446128     
   1.0216135634210488E-004  0.21515743320834235     
   1.0338729261821013E-004  0.21515758825737316     
   1.0462794012962866E-004  0.21515774704980492     
   1.0588347541118422E-004  0.21515790967601955     
   1.0715407711611842E-004  0.21515807622858155     
   1.0843992604151185E-004  0.21515824680228973     
   1.0974120515401000E-004  0.21515842149423198     
   1.1105809961585812E-004  0.21515860040384016     
   1.1239079681124840E-004  0.21515878363294688     
   1.1373948637298340E-004  0.21515897128584399     
   1.1510436020945920E-004  0.21515916346934053     
   1.1648561253197270E-004  0.21515936029282470     
   1.1788343988235637E-004  0.21515956186832552     
   1.1929804116094467E-004  0.21515976831057698     
   1.2072961765487598E-004  0.21515997973708362     
   1.2217837306673451E-004  0.21516019626818592     
   1.2364451354353529E-004  0.21516041802713079     
   1.2512824770605772E-004  0.21516064514014061     
   1.2662978667853043E-004  0.21516087773648501     
   1.2814934411867280E-004  0.21516111594855478     
   1.2968713624809689E-004  0.21516135991193744     
   1.3124338188307406E-004  0.21516160976549420     
   1.3281830246567091E-004  0.21516186565143852     
   1.3441212209525897E-004  0.21516212771541787     
   1.3602506756040208E-004  0.21516239610659574     
   1.3765736837112691E-004  0.21516267097773786     
   1.3930925679158044E-004  0.21516295248529743     
   1.4098096787307945E-004  0.21516324078950533     
   1.4267273948755639E-004  0.21516353605446137     
   1.4438481236140702E-004  0.21516383844822726     
   1.4611743010974393E-004  0.21516414814292206     
   1.4787083927106086E-004  0.21516446531482084     
   1.4964528934231357E-004  0.21516479014445464     
   1.5144103281442136E-004  0.21516512281671316     
   1.5325832520819441E-004  0.21516546352095059     
   1.5509742511069278E-004  0.21516581245109179     
   1.5695859421202104E-004  0.21516616980574460     
   1.5884209734256529E-004  0.21516653578831185     
   1.6074820251067609E-004  0.21516691060710741     
   1.6267718094080424E-004  0.21516729447547431     
   1.6462930711209388E-004  0.21516768761190738     
   1.6660485879743905E-004  0.21516809024017630     
   1.6860411710300824E-004  0.21516850258945383     
   1.7062736650824434E-004  0.21516892489444511     
   1.7267489490634330E-004  0.21516935739552240     
   1.7474699364521942E-004  0.21516980033886227     
   1.7684395756896207E-004  0.21517025397658393     
   1.7896608505978964E-004  0.21517071856689440     
   1.8111367808050713E-004  0.21517119437423463     
   1.8328704221747314E-004  0.21517168166943085     
   1.8548648672408284E-004  0.21517218072984737     
   1.8771232456477182E-004  0.21517269183954549     
   1.8996487245954912E-004  0.21517321528944511     
   1.9224445092906373E-004  0.21517375137749040     
   1.9455138434021249E-004  0.21517430040881877     
   1.9688600095229500E-004  0.21517486269593469     
   1.9924863296372252E-004  0.21517543855888835     
   2.0163961655928723E-004  0.21517602832545701     
   2.0405929195799869E-004  0.21517663233133194     
   2.0650800346149468E-004  0.21517725092030943     
   2.0898609950303264E-004  0.21517788444448577     
   2.1149393269706904E-004  0.21517853326445927     
   2.1403185988943377E-004  0.21517919774953484     
   2.1660024220810701E-004  0.21517987827793245     
   2.1919944511460433E-004  0.21518057523700571     
   2.2182983845597958E-004  0.21518128902345968     
   2.2449179651745136E-004  0.21518202004357720     
   2.2718569807566078E-004  0.21518276871345113     
   2.2991192645256862E-004  0.21518353545922106     
   2.3267086956999948E-004  0.21518432071731441     
   2.3546292000483949E-004  0.21518512493469619     
   2.3828847504489756E-004  0.21518594856912310     
   2.4114793674543639E-004  0.21518679208940431     
   2.4404171198638163E-004  0.21518765597566794     
   2.4697021253021820E-004  0.21518854071963445     
   2.4993385508058076E-004  0.21518944682489627     
   2.5293306134154773E-004  0.21519037480720518     
   2.5596825807764636E-004  0.21519132519476541     
   2.5903987717457812E-004  0.21519229852853422     
   2.6214835570067310E-004  0.21519329536252971     
   2.6529413596908117E-004  0.21519431626414645     
   2.6847766560071017E-004  0.21519536181447893     
   2.7169939758791862E-004  0.21519643260865159     
   2.7495979035897360E-004  0.21519752925615757     
   2.7825930784328135E-004  0.21519865238120592     
   2.8159841953740073E-004  0.21519980262307750     
   2.8497760057184958E-004  0.21520098063648729     
   2.8839733177871179E-004  0.21520218709195910     
   2.9185809976005621E-004  0.21520342267620504     
   2.9536039695717692E-004  0.21520468809251853     
   2.9890472172066306E-004  0.21520598406117250     
   3.0249157838131105E-004  0.21520731131983156     
   3.0612147732188684E-004  0.21520867062397092     
   3.0979493504974950E-004  0.21521006274730584     
   3.1351247427034652E-004  0.21521148848223279     
   3.1727462396159055E-004  0.21521294864028026     
   3.2108191944912965E-004  0.21521444405257070     
   3.2493490248251919E-004  0.21521597557029370     
   3.2883412131230944E-004  0.21521754406519086     
   3.3278013076805721E-004  0.21521915043005105     
   3.3677349233727393E-004  0.21522079557921964     
   3.4081477424532112E-004  0.21522248044911851     
   3.4490455153626500E-004  0.21522420599877898     
   3.4904340615470015E-004  0.21522597321038819     
   3.5323192702855659E-004  0.21522778308984736     
   3.5747071015289930E-004  0.21522963666734557     
   3.6176035867473415E-004  0.21523153499794537     
   3.6610148297883100E-004  0.21523347916218352     
   3.7049470077457679E-004  0.21523547026668621     
   3.7494063718387173E-004  0.21523750944479839     
   3.7943992483007827E-004  0.21523959785722985     
   3.8399320392803923E-004  0.21524173669271554     
   3.8860112237517572E-004  0.21524392716869212     
   3.9326433584367784E-004  0.21524617053199110     
   3.9798350787380185E-004  0.21524846805954911     
   4.0275930996828751E-004  0.21525082105913290     
   4.0759242168790700E-004  0.21525323087008663     
   4.1248353074816189E-004  0.21525569886409254     
   4.1743333311713987E-004  0.21525822644595169     
   4.2244253311454554E-004  0.21526081505438502     
   4.2751184351192014E-004  0.21526346616285069     
   4.3264198563406308E-004  0.21526618128038377     
   4.3783368946167183E-004  0.21526896195245485     
   4.4308769373521190E-004  0.21527180976185081     
   4.4840474606003456E-004  0.21527472632957478     
   4.5378560301275497E-004  0.21527771331576945     
   4.5923103024890808E-004  0.21528077242066163     
   4.6474180261189477E-004  0.21528390538553110     
   4.7031870424323757E-004  0.21528711399370037     
   4.7596252869415646E-004  0.21529040007155140     
   4.8167407903848634E-004  0.21529376548956530     
   4.8745416798694826E-004  0.21529721216338563     
   4.9330361800279169E-004  0.21530074205491029     
   4.9922326141882520E-004  0.21530435717340810     
   5.0521394055585088E-004  0.21530805957666299     
   5.1127650784252114E-004  0.21531185137214476     
   5.1741182593663144E-004  0.21531573471820881     
   5.2362076784787104E-004  0.21531971182532589     
   5.2990421706204552E-004  0.21532378495733992     
   5.3626306766679018E-004  0.21532795643275665     
   5.4269822447879166E-004  0.21533222862606335     
   5.4921060317253694E-004  0.21533660396908133     
   5.5580113041060742E-004  0.21534108495235021     
   5.6247074397553474E-004  0.21534567412654584     
   5.6922039290324136E-004  0.21535037410393215     
   5.7605103761808015E-004  0.21535518755984845     
   5.8296365006949718E-004  0.21536011723423246     
   5.8995921387033098E-004  0.21536516593318100     
   5.9703872443677504E-004  0.21537033653054638     
   6.0420318913001632E-004  0.21537563196957410     
   6.1145362739957660E-004  0.21538105526457726     
   6.1879107092837162E-004  0.21538660950265334     
   6.2621656377951198E-004  0.21539229784544139     
   6.3373116254486625E-004  0.21539812353092180     
   6.4133593649540438E-004  0.21540408987526175     
   6.4903196773334929E-004  0.21541020027470056     
   6.5682035134614956E-004  0.21541645820748589     
   6.6470219556230331E-004  0.21542286723585266     
   6.7267862190905118E-004  0.21542943100805137     
   6.8075076537195975E-004  0.21543615326042595     
   6.8891977455642298E-004  0.21544303781954102     
   6.9718681185110016E-004  0.21545008860435952     
   7.0555305359331342E-004  0.21545730962847609     
   7.1401969023643320E-004  0.21546470500240075     
   7.2258792651927050E-004  0.21547227893590071     
   7.3125898163750179E-004  0.21548003574039609     
   7.4003408941715183E-004  0.21548797983141560     
   7.4891449849015740E-004  0.21549611573111091     
   7.5790147247203942E-004  0.21550444807083113     
   7.6699629014170389E-004  0.21551298159376073     
   7.7620024562340432E-004  0.21552172115761947     
   7.8551464857088533E-004  0.21553067173742976     
   7.9494082435373594E-004  0.21553983842834837     
   8.0448011424598051E-004  0.21554922644856914     
   8.1413387561693235E-004  0.21555884114229287     
   8.2390348212433564E-004  0.21556868798277273     
   8.3379032390982772E-004  0.21557877257542996     
   8.4379580779674578E-004  0.21558910066104497     
   8.5392135749030678E-004  0.21559967811902847     
   8.6416841378019046E-004  0.21561051097076853     
   8.7453843474555239E-004  0.21562160538306060     
   8.8503289596249919E-004  0.21563296767161824     
   8.9565329071404924E-004  0.21564460430467075     
   9.0640113020261793E-004  0.21565652190664758     
   9.1727794376504895E-004  0.21566872726195033     
   9.2828527909023003E-004  0.21568122731881575     
   9.3942470243931246E-004  0.21569402919327599     
   9.5069779886858459E-004  0.21570714017320788     
   9.6210617245500731E-004  0.21572056772248632     
   9.7365144652446797E-004  0.21573431948523433     
   9.8533526388276107E-004  0.21574840329017772     
   9.9715928704935397E-004  0.21576282715510320     
   1.0091251984939468E-003  0.21577759929142618     
   1.0212347008758738E-003  0.21579272810886838     
   1.0334895172863848E-003  0.21580822222024612     
   1.0458913914938211E-003  0.21582409044637882     
   1.0584420881917466E-003  0.21584034182111173     
   1.0711433932500479E-003  0.21585698559646324     
   1.0839971139690481E-003  0.21587403124789473     
   1.0970050793366773E-003  0.21589148847970885     
   1.1101691402887171E-003  0.21590936723057769     
   1.1234911699721821E-003  0.21592767767920407     
   1.1369730640118478E-003  0.21594643025012211     
   1.1506167407799898E-003  0.21596563561963469     
   1.1644241416693501E-003  0.21598530472189587     
   1.1783972313693819E-003  0.21600544875514241     
   1.1925379981458154E-003  0.21602607918807185     
   1.2068484541235647E-003  0.21604720776637862     
   1.2213306355730478E-003  0.21606884651944525     
   1.2359866031999239E-003  0.21609100776719764     
   1.2508184424383226E-003  0.21611370412712458     
   1.2658282637475831E-003  0.21613694852146748     
   1.2810182029125538E-003  0.21616075418458458     
   1.2963904213475050E-003  0.21618513467049172     
   1.3119471064036749E-003  0.21621010386058748     
   1.3276904716805194E-003  0.21623567597156312     
   1.3436227573406852E-003  0.21626186556350585     
   1.3597462304287729E-003  0.21628868754819511     
   1.3760631851939189E-003  0.21631615719760350     
   1.3925759434162454E-003  0.21634429015259990     
   1.4092868547372413E-003  0.21637310243186475     
   1.4261982969940876E-003  0.21640261044102080     
   1.4433126765580173E-003  0.21643283098198468     
   1.4606324286767130E-003  0.21646378126254423     
   1.4781600178208330E-003  0.21649547890616769     
   1.4958979380346837E-003  0.21652794196205163     
   1.5138487132910993E-003  0.21656118891540968     
   1.5320148978505935E-003  0.21659523869801131     
   1.5503990766248001E-003  0.21663011069897678     
   1.5690038655442968E-003  0.21666582477583074     
   1.5878319119308293E-003  0.21670240126582560     
   1.6068858948739986E-003  0.21673986099753850     
   1.6261685256124877E-003  0.21677822530274729     
   1.6456825479198368E-003  0.21681751602859670     
   1.6654307384948758E-003  0.21685775555005646     
   1.6854159073568136E-003  0.21689896678268331     
   1.7056408982450946E-003  0.21694117319568929     
   1.7261085890240366E-003  0.21698439882532955     
   1.7468218920923245E-003  0.21702866828861070     
   1.7677837547974333E-003  0.21707400679733482     
   1.7889971598550019E-003  0.21712044017248100     
   1.8104651257732629E-003  0.21716799485893537     
   1.8321907072825414E-003  0.21721669794058049     
   1.8541769957699313E-003  0.21726657715574554     
   1.8764271197191714E-003  0.21731766091303506     
   1.8989442451558007E-003  0.21736997830753985     
   1.9217315760976714E-003  0.21742355913743833     
   1.9447923550108426E-003  0.21747843392100408     
   1.9681298632709741E-003  0.21753463391402192     
   1.9917474216302250E-003  0.21759219112762881     
   2.0156483906897866E-003  0.21765113834658475     
   2.0398361713780651E-003  0.21771150914798792     
   2.0643142054346014E-003  0.21777333792044393     
   2.0890859758998176E-003  0.21783665988369802     
   2.1141550076106148E-003  0.21790151110874442     
   2.1395248677019410E-003  0.21796792853842309     
   2.1651991661143653E-003  0.21803595000851597     
   2.1911815561077371E-003  0.21810561426935521     
   2.2174757347810316E-003  0.21817696100795353     
   2.2440854435984026E-003  0.21825003087067496     
   2.2710144689215847E-003  0.21832486548645116     
   2.2982666425486430E-003  0.21840150749056522     
   2.3258458422592255E-003  0.21848000054900982     
   2.3537559923663379E-003  0.21856038938343678     
   2.3820010642747330E-003  0.21864271979671460     
   2.4105850770460308E-003  0.21872703869910226     
   2.4395120979705822E-003  0.21881339413506246     
   2.4687862431462307E-003  0.21890183531072180     
   2.4984116780639846E-003  0.21899241262200289     
   2.5283926182007514E-003  0.21908517768343425     
   2.5587333296191619E-003  0.21918018335766468     
   2.5894381295745910E-003  0.21927748378569190     
   2.6205113871294872E-003  0.21937713441782561     
   2.6519575237750402E-003  0.21947919204540423     
   2.6837810140603420E-003  0.21958371483328204     
   2.7159863862290649E-003  0.21969076235310575     
   2.7485782228638131E-003  0.21980039561740003     
   2.7815611615381805E-003  0.21991267711448304     
   2.8149398954766375E-003  0.22002767084422914     
   2.8487191742223583E-003  0.22014544235470279     
   2.8829038043130255E-003  0.22026605877968447     
   2.9174986499647835E-003  0.22038958887710738     
   2.9525086337643595E-003  0.22051610306843211     
   2.9879387373695312E-003  0.22064567347897723     
   3.0237940022179669E-003  0.22077837397923483     
   3.0600795302445816E-003  0.22091428022718942     
   3.0968004846075180E-003  0.22105346971166959     
   3.1339620904228074E-003  0.22119602179675452     
   3.1715696355078798E-003  0.22134201776726237     
   3.2096284711339760E-003  0.22149154087534911     
   3.2481440127875823E-003  0.22164467638824206     
   3.2871217409410351E-003  0.22180151163713613     
   3.3265672018323264E-003  0.22196213606728649     
   3.3664860082543158E-003  0.22212664128931772     
   3.4068838403533666E-003  0.22229512113179073     
   3.4477664464376057E-003  0.22246767169504772     
   3.4891396437948586E-003  0.22264439140637507     
   3.5310093195203957E-003  0.22282538107651256     
   3.5733814313546426E-003  0.22301074395754111     
   3.6162620085308968E-003  0.22320058580218816     
   3.6596571526332699E-003  0.22339501492457836     
   3.7035730384648675E-003  0.22359414226247373     
   3.7480159149264444E-003  0.22379808144103264     
   3.7929921059055636E-003  0.22400694883812997     
   3.8385080111764292E-003  0.22422086365127566     
   3.8845701073105484E-003  0.22443994796617020     
   3.9311849485982736E-003  0.22466432682694065     
   3.9783591679814550E-003  0.22489412830809311     
   4.0260994779972312E-003  0.22512948358823404     
   4.0744126717331955E-003  0.22537052702559204     
   4.1233056237939963E-003  0.22561739623539542     
   4.1727852912795231E-003  0.22587023216914764     
   4.2228587147748794E-003  0.22612917919584524     
   4.2735330193521765E-003  0.22639438518519198     
   4.3248154155844046E-003  0.22666600159285438     
   4.3767132005714162E-003  0.22694418354781312     
   4.4292337589782712E-003  0.22722908994185945     
   4.4823845640860130E-003  0.22752088352129313     
   4.5361731788550429E-003  0.22781973098087643     
   4.5906072570013065E-003  0.22812580306009592     
   4.6456945440853199E-003  0.22843927464180092     
   4.7014428786143420E-003  0.22876032485326289     
   4.7578601931577173E-003  0.22908913716973153     
   4.8149545154756073E-003  0.22942589952054160     
   4.8727339696613180E-003  0.22977080439783445     
   4.9312067772972522E-003  0.23012404896796548     
   4.9903812586248215E-003  0.23048583518565940     
   5.0502658337283172E-003  0.23085636991098707     
   5.1108690237330560E-003  0.23123586502923155     
   5.1721994520178552E-003  0.23162453757371979     
   5.2342658454420671E-003  0.23202260985169285     
   5.2970770355873749E-003  0.23243030957328928     
   5.3606419600144214E-003  0.23284786998372756     
   5.4249696635345970E-003  0.23327552999876036     
   5.4900692994970107E-003  0.23371353434349162     
   5.5559501310909728E-003  0.23416213369463457     
   5.6226215326640669E-003  0.23462158482630263     
   5.6900929910560340E-003  0.23509215075942561     
   5.7583741069487087E-003  0.23557410091487591     
   5.8274745962320915E-003  0.23606771127040849     
   5.8974042913868792E-003  0.23657326452150254     
   5.9681731428835203E-003  0.23709105024621643     
   6.0397912205981197E-003  0.23762136507414688     
   6.1122687152453002E-003  0.23816451285960599     
   6.1856159398282415E-003  0.23872080485912286     
   6.2598433311061843E-003  0.23929055991337680     
   6.3349614510794560E-003  0.23987410463368347     
   6.4109809884924070E-003  0.24047177359314464     
   6.4879127603543196E-003  0.24108390952258751     
   6.5657677134785698E-003  0.24171086351141569     
   6.6445569260403150E-003  0.24235299521349551     
   6.7242916091527971E-003  0.24301067305821572     
   6.8049831084626335E-003  0.24368427446684954     
   6.8866429057641825E-003  0.24437418607435946     
   6.9692826206333497E-003  0.24508080395678405     
   7.0529140120809538E-003  0.24580453386435847     
   7.1375489802259235E-003  0.24654579146051286     
   7.2231995679886384E-003  0.24730500256690513     
   7.3098779628044995E-003  0.24808260341464769     
   7.3975964983581570E-003  0.24887904090188823     
   7.4863676563384522E-003  0.24969477285791583     
   7.5762040682145109E-003  0.25053026831396119     
   7.6671185170330888E-003  0.25138600778086895     
   7.7591239392374835E-003  0.25226248353382857     
   7.8522334265083375E-003  0.25316019990434285     
   7.9464602276264340E-003  0.25407967357963357     
   8.0418177503579543E-003  0.25502143390967996     
   8.1383195633622490E-003  0.25598602322209524     
   8.2359793981225931E-003  0.25697399714504665     
   8.3348111509000677E-003  0.25798592493844175     
   8.4348288847108654E-003  0.25902238983359771     
   8.5360468313273995E-003  0.26008398938162186     
   8.6384793933033267E-003  0.26117133581074448     
   8.7421411460229699E-003  0.26228505639283756     
   8.8470468397752432E-003  0.26342579381937731     
   8.9532114018525417E-003  0.26459420658709742     
   9.0606499386747773E-003  0.26579096939360636     
   9.1693777379388726E-003  0.26701677354323589     
   9.2794102707941424E-003  0.26827232736339768     
   9.3907631940436682E-003  0.26955835663174449     
   9.5034523523721895E-003  0.27087560501442465     
   9.6174937806006600E-003  0.27222483451573892     
   9.7329037059678651E-003  0.27360682593951829     
   9.8496985504394844E-003  0.27502237936253876     
   9.9678949330447558E-003  0.27647231462031635     
   1.0087509672241297E-002  0.27795747180561864     
   1.0208559788308189E-002  0.27947871178005634     
   1.0331062505767883E-002  0.28103691669911157     
   1.0455035255837103E-002  0.28263299055098656     
   1.0580495678907146E-002  0.28426785970966151     
   1.0707461627054035E-002  0.28594247350255403     
   1.0835951166578681E-002  0.28765780479320574     
   1.0965982580577630E-002  0.28941485057941158     
   1.1097574371544558E-002  0.29121463260723524     
   1.1230745264003089E-002  0.29305819800136379     
   1.1365514207171133E-002  0.29494661991227006     
   1.1501900377657180E-002  0.29688099818066083     
   1.1639923182189073E-002  0.29886246001971006     
   1.1779602260375338E-002  0.30089216071559410     
   1.1920957487499847E-002  0.30297128434684883     
   1.2064008977349843E-002  0.30510104452310793     
   1.2208777085078035E-002  0.30728268514377310     
   1.2355282410098979E-002  0.30951748117720812     
   1.2503545799020160E-002  0.31180673946105436     
   1.2653588348608410E-002  0.31415179952428496     
   1.2805431408791706E-002  0.31655403443164498     
   1.2959096585697202E-002  0.31901485165113258     
   1.3114605744725576E-002  0.32153569394520887     
   1.3271981013662278E-002  0.32411804028644131     
   1.3431244785826232E-002  0.32676340679830623     
   1.3592419723256142E-002  0.32947334772191211     
   1.3755528759935222E-002  0.33224945640941039     
   1.3920595105054440E-002  0.33509336634490977     
   1.4087642246315089E-002  0.33800675219371484     
   1.4256693953270876E-002  0.34099133088075700     
   1.4427774280710123E-002  0.34404886269910062     
   1.4600907572078652E-002  0.34718115244944153     
   1.4776118462943589E-002  0.35039005061155432     
   1.4953431884498920E-002  0.35367745454865784     
   1.5132873067112902E-002  0.35704530974572979     
   1.5314467543918251E-002  0.36049561108280492     
   1.5498241154445279E-002  0.36403040414435167     
   1.5684220048298617E-002  0.36765178656585257     
   1.5872430688878208E-002  0.37136190941873898     
   1.6062899857144739E-002  0.37516297863489884     
   1.6255654655430486E-002  0.37905725647198707     
   1.6450722511295646E-002  0.38304706302083680     
   1.6648131181431186E-002  0.38713477775629923     
   1.6847908755608369E-002  0.39132284113289223     
   1.7050083660675664E-002  0.39561375622668898     
   1.7254684664603781E-002  0.40001009042492025     
   1.7461740880579023E-002  0.40451447716482897     
   1.7671281771145977E-002  0.40912961772335144     
   1.7883337152399720E-002  0.41385828305928063     
   1.8097937198228511E-002  0.41870331570959701     
   1.8315112444607266E-002  0.42366763174174160     
   1.8534893793942544E-002  0.42875422276364944     
   1.8757312519469865E-002  0.43396615799342941     
   1.8982400269703496E-002  0.43930658639065850     
   1.9210189072939931E-002  0.44477873885130742     
   1.9440711341815218E-002  0.45038593046841069     
   1.9673999877916997E-002  0.45613156286065343     
   1.9910087876452012E-002  0.46201912657113087     
   2.0149008930969426E-002  0.46805220353862875     
   2.0390797038141072E-002  0.47423446964383664     
   2.0635486602598754E-002  0.48056969733302424     
   2.0883112441829933E-002  0.48706175832177051     
   2.1133709791131907E-002  0.49371462638145663     
   2.1387314308625477E-002  0.50053238021132340     
   2.1643962080328996E-002  0.50751920639899040     
   2.1903689625292936E-002  0.51467940247245814     
   2.2166533900796464E-002  0.52201738004670017     
   2.2432532307606012E-002  0.52953766806810076     
   2.2701722695297279E-002  0.53724491616007530     
   2.2974143367640858E-002  0.54514389807337305     
   2.3249833088052538E-002  0.55323951524466253     
   2.3528831085109180E-002  0.56153680046713716     
   2.3811177058130482E-002  0.57004092167704812     
   2.4096911182828057E-002  0.57875718586016101     
   2.4386074117021986E-002  0.58769104308234033     
   2.4678707006426243E-002  0.59684809064857480     
   2.4974851490503373E-002  0.60623407739494961     
   2.5274549708389400E-002  0.61585490811822552     
   2.5577844304890088E-002  0.62571664814784478     
   2.5884778436548760E-002  0.63582552806540438     
   2.6195395777787359E-002  0.64618794857676720     
   2.6509740527120799E-002  0.65681048554222954     
   2.6827857413446236E-002  0.66769989517032724     
   2.7149791702407604E-002  0.67886311938108257     
   2.7475589202836485E-002  0.69030729134471946     
   2.7805296273270538E-002  0.70203974120207246     
   2.8138959828549776E-002  0.71406800197317666     
   2.8476627346492363E-002  0.72639981566074041     
   2.8818346874650288E-002  0.73904313955546552     
   2.9164167037146079E-002  0.75200615275042726     
   2.9514137041591847E-002  0.76529726287199873     
   2.9868306686090938E-002  0.77892511303507928     
   3.0226726366324046E-002  0.79289858903065791     
   3.0589447082719923E-002  0.80722682675406288     
   3.0956520447712552E-002  0.82191921988252192     
   3.1327998693085120E-002  0.83698542781100016     
   3.1703934677402124E-002  0.85243538385559126     
   3.2084381893530967E-002  0.86827930373406481     
   3.2469394476253327E-002  0.88452769433355782     
   3.2859027209968382E-002  0.90119136277569978     
   3.3253335536487995E-002  0.91828142578988237     
   3.3652375562925836E-002  0.93580931940573342     
   3.4056204069680969E-002  0.95378680897625079     
   3.4464878518517122E-002  0.97222599954348565     
   3.4878457060739353E-002  0.99113934655901825     
   3.5296998545468208E-002   1.0105396669719848     
   3.5720562528013845E-002   1.0304401506977579     
   3.6149209278349997E-002   1.0508543724809363     
   3.6582999789690186E-002   1.0717963041666692     
   3.7021995787166487E-002   1.0932803273949023     
   3.7466259736612467E-002   1.1153212467325624     
   3.7915854853451843E-002   1.1379343032592348     
   3.8370845111693253E-002   1.1611351886223984     
   3.8831295253033554E-002   1.1849400595787991     
   3.9297270796069976E-002   1.2093655530390841     
   3.9768838045622798E-002   1.2344288016334126     
   4.0246064102170298E-002   1.2601474498162317     
   4.0729016871396323E-002   1.2865396705290928     
   4.1217765073853101E-002   1.3136241824408788     
   4.1712378254739321E-002   1.3414202677854556     
   4.2212926793796179E-002   1.3699477908173516     
   4.2719481915321759E-002   1.3992272169066799     
   4.3232115698305602E-002   1.4292796322951671     
   4.3750901086685293E-002   1.4601267645357205     
   4.4275911899725497E-002   1.4917910036386879     
   4.4807222842522226E-002   1.5242954239485043     
   4.5344909516632483E-002   1.5576638067751669     
   4.5889048430832045E-002   1.5919206638055150     
   4.6439717012002064E-002   1.6270912613200506     
   4.6996993616146066E-002   1.6632016452415770     
   4.7560957539539844E-002   1.7002786670426264     
   4.8131689030014302E-002   1.7383500105392933     
   4.8709269298374505E-002   1.7774442195996394     
   4.9293780529954978E-002   1.8175907267955613     
   4.9885305896314465E-002   1.8588198830274802     
   5.0483929567070172E-002   1.9011629881519230     
   5.1089736721875043E-002   1.9446523226424914     
   5.1702813562537572E-002   1.9893211803153821     
   5.2323247325288050E-002   2.0352039021509825     
   5.2951126293191438E-002   2.0823359112436437     
   5.3586539808709761E-002   2.1307537489120936     
   5.4229578286414309E-002   2.1804951120033809     
   5.4880333225851209E-002   2.2315988914234994     
   5.5538897224561457E-002   2.2841052119281526     
   5.6205363991256217E-002   2.3380554732073731     
   5.6879828359151327E-002   2.3934923922976941     
   5.7562386299461067E-002   2.4504600473557678     
   5.8253134935054636E-002   2.5090039228271626     
   5.8952172554275317E-002   2.5691709560440499     
   5.9659598624926549E-002   2.6310095852850517     
   6.0375513808425700E-002   2.6945697993303184     
   6.1100019974126833E-002   2.7599031885443144     
   6.1833220213816389E-002   2.8270629975180697     
   6.2575218856382106E-002   2.8961041793019353     
   6.3326121482658732E-002   2.9670834512587914     
   6.4086034940450676E-002   3.0400593525768040     
   6.4855067359735993E-002   3.1150923035195710     
   6.5633328168052868E-002   3.1922446660160873     
   6.6420928106069532E-002   3.2715808064385441     
   6.7217979243342288E-002   3.3531671599767106     
   6.8024594994262430E-002   3.4370722967590059     
   6.8840890134193602E-002   3.5233669897573496     
   6.9666980815803969E-002   3.6121242844892585     
   7.0502984585593523E-002   3.7034195705272901     
   7.1349020400620689E-002   3.7973306548220265     
   7.2205208645428176E-002   3.8939378368407023     
   7.3071671149173220E-002   3.9933239855187224     
   7.3948531202963338E-002   4.0955746180162587     
   7.4835913577398938E-002   4.2007779802665164     
   7.5733944540327766E-002   4.3090251292958257     
   7.6642751874811607E-002   4.4204100172891660     
   7.7562464897309391E-002   4.5350295773670926     
   7.8493214476077128E-002   4.6529838110321915     
   7.9435133049789955E-002   4.7743758772341103     
   8.0388354646387480E-002   4.8993121829929018     
   8.1353014902144166E-002   5.0279024755100679     
   8.2329251080969945E-002   5.1602599356853585     
   8.3317202093941486E-002   5.2965012729454894     
   8.4317008519068828E-002   5.4367468212778327     
   8.5328812621297698E-002   5.5811206363482082     
   8.6352758372753163E-002   5.7297505935667230     
   8.7388991473226249E-002   5.8827684869495744     
   8.8437659370904989E-002   6.0403101286073868     
   8.9498911283355909E-002   6.2025154486719645     
   9.0572898218756068E-002   6.3695285954537288     
   9.1659772997381192E-002   6.5414980356007097     
   9.2759690273349807E-002   6.7185766540076948     
   9.3872806556629884E-002   6.9009218531996437     
   9.4999280235309499E-002   7.0886956518883295     
   9.6139271598133264E-002   7.2820647823739080     
   9.7292942857310910E-002   7.4812007864340568     
   9.8460458171598528E-002   7.6862801093132331     
   9.9641983669657749E-002   7.8974841913919853     
  0.10083768747369369        8.1149995570824203     
  0.10204773972337790        8.3390179004598082     
  0.10327231260005849        8.5697361671024463     
  0.10451158035125925        8.8073566315723752     
  0.10576571931547440        9.0520869699271582     
  0.10703490794725996        9.3041403266097475     
  0.10831932684262714        9.5637353750169769     
  0.10961915876473872        9.8310963709999228     
  0.11093458866991544        10.106453198498583     
  0.11226580373395449        10.390041406461952     
  0.11361299337876200        10.682102236150243     
  0.11497634929930721        10.982882637859623     
  0.11635606549089876        11.292635276052202     
  0.11775233827678960        11.611618521813849     
  0.11916536633611113        11.940096431500917     
  0.12059535073214432        12.278338710373175     
  0.12204249494093013        12.626620659945731     
  0.12350700488022134        12.985223107726529     
  0.12498908893878406        13.354432317937794     
  0.12648895800604931        13.734539881752587     
  0.12800682550212197        14.125842585507328     
  0.12954290740814750        14.528642255282810     
  0.13109742229704510        14.943245576175640     
  0.13267059136460971        15.369963884513696     
  0.13426263846098510        15.809112931200845     
  0.13587379012251677        16.261012614308015     
  0.13750427560398704        16.725986678963711     
  0.13915432691123494        17.204362382533372     
  0.14082417883416984        17.696470123017228     
  0.14251406898017971        18.202643028540223     
  0.14422423780794191        18.723216505756035     
  0.14595492866163731        19.258527744941180     
  0.14770638780557677        19.808915179514962     
  0.14947886445924377        20.374717897688754     
  0.15127261083275478        20.956275003924407     
  0.15308788216274791        21.553924927865921     
  0.15492493674870070        22.168004678406028     
  0.15678403598968518        22.798849040556394     
  0.15866544442156150        23.446789712813537     
  0.16056942975462002        24.112154382747288     
  0.16249626291167554        24.795265738593681     
  0.16444621806661575        25.496440414705098     
  0.16641957268341523        26.215987868800966     
  0.16841660755561599        26.954209189076035     
  0.17043760684628348        27.711395829358946     
  0.17248285812843897        28.487828270676030     
  0.17455265242598000        29.283774607762680     
  0.17664728425509188        30.099489059283016     
  0.17876705166615306        30.935210400768362     
  0.18091225628614699        31.791160319564202     
  0.18308320336158054        32.667541691394568     
  0.18528020180191959        33.564536778504568     
  0.18750356422354272        34.482305349734574     
  0.18975360699422500        35.420982723310729     
  0.19203065027815580        36.380677733611655     
  0.19433501808149378        37.361470623688326     
  0.19666703829847179        38.363410865875096     
  0.19902704275805322        39.386514913438631     
  0.20141536727114995        40.430763886863737     
  0.20383235167840386        41.496101199077266     
  0.20627833989854444        42.582430124655922     
  0.20875367997732708        43.689611318858830     
  0.21125872413705513        44.817460293164750     
  0.21379382882669989        45.965744854875169     
  0.21635935477262003        47.134182519271086     
  0.21895566702989158        48.322437903774542     
  0.22158313503425037        49.530120114569137     
  0.22424213265466111        50.756780137163254     
  0.22693303824651717        52.001908243442863     
  0.22965623470547550        53.264931428842836     
  0.23241210952194130        54.545210894359315     
  0.23520105483620432        55.842039589234119     
  0.23802346749423892        57.154639831241191     
  0.24087974910416990        58.482161022600664     
  0.24377030609341963        59.823677480611465     
  0.24669554976654079        61.178186403133893     
  0.24965589636373942        62.544605990043330     
  0.25265176712010440        63.921773742701923     
  0.25568358832554539        65.308444964354692     
  0.25875179138545201        66.703291485115329     
  0.26185681288207757        68.104900635864070     
  0.26499909463666221        69.511774495907119     
  0.26817908377230226        70.922329439631326     
  0.27139723277757005        72.334896007611349     
  0.27465399957090059        73.747719127661270     
  0.27794984756575147        75.158958711160167     
  0.28128524573654062        76.566690649597774     
  0.28466066868537931        77.968908235655405     
  0.28807659670960351        79.363524032256109     
  0.29153351587011889        80.748372211850693     
  0.29503191806056045        82.121211386755391     
  0.29857230107728677        83.479727949584813     
  0.30215516869021436        84.821539940745737     
  0.30578103071449714        86.144201457536866     
  0.30945040308307126        87.445207616644069     
  0.31316380792006776        88.722000078726026     
  0.31692177361510870        89.971973140342527     
  0.32072483489849013        91.192480394702201     
  0.32457353291727165        92.380841958594189     
  0.32846841531227905        93.534352258446816     
  0.33241003629602661        94.650288363734546     
  0.33639895673157910        95.725918850957228     
  0.34043574421235762        96.758513176185431     
  0.34452097314290614        97.745351528720107     
  0.34865522482062117        98.683735132819308     
  0.35283908751846815        99.570996958725289     
  0.35707315656868999        100.40451279845783     
  0.36135803444751446        101.18171265607860     
  0.36569433086088482        101.90009239642744     
  0.37008266283121494        102.55722559079248     
  0.37452365478518967        103.15077549263721     
  0.37901793864261218        103.67850707148399     
  0.38356615390632309        104.13829902839646     
  0.38816894775319916        104.52815571232519     
  0.39282697512623771        104.84621885294871     
  0.39754089882775279        105.09077902263232     
  0.40231138961368534        105.26028673784819     
  0.40713912628904980        105.35336310889394     
  0.41202479580451856        105.36880994611104     
  0.41696909335417232        105.30561923108000     
  0.42197272247442252        105.16298186253215     
  0.42703639514411584        104.94029558899184     
  0.43216083188584548        104.63717204348127     
  0.43734676186847510        104.25344280001812     
  0.44259492301089698        103.78916437708322     
  0.44790606208702799        103.24462211975100     
  0.45328093483207177        102.62033289969673     
  0.45872030605005687        101.91704658079713     
  0.46422494972265776        101.13574620744697     
  0.46979564911932997        100.27764688293001     
  0.47543319690876135        99.344193316134323     
  0.48113839527166669        98.337056026437949     
  0.48691205601492693        97.258126208610889     
  0.49275500068710543        96.109509271911449     
  0.49866806069535097        94.893517080067610     
  0.50465207742369544        93.612658931350580     
  0.51070790235278007        92.269631330289741     
  0.51683639718101282        90.867306614605667     
  0.52303843394718519        89.408720512439359     
  0.52931489515455166        87.897058715802032     
  0.53566667389640565        86.335642566171259     
  0.54209467398316280        84.727913957185777     
  0.54859981007096104        83.077419567306876     
  0.55518300779181295        81.387794541978096     
  0.56184520388531389        79.662745750166451     
  0.56858734633193797        77.906034744083982     
  0.57541039448792142        76.121460553352932     
  0.58231531922177582        74.312842445821332     
  0.58930310305243749        72.484002786683433     
  0.59637474028906701        70.638750125503648     
  0.60353123717253498        68.780862637228950     
  0.61077361201860580        66.914072038375835     
  0.61810289536282936        65.042048093363036     
  0.62552013010718366        63.168383818533407     
  0.63302637166846909        61.296581482904337     
  0.64062268812849110        59.430039495209769     
  0.64831016038603329        57.572040256520737     
  0.65608988231066490        55.725739046782209     
  0.66396296089839324        53.894154002160725     
  0.67193051642917434        52.080157228303932     
  0.67999368262632465        50.286467082635262     
  0.68815360681783977        48.515641646802315     
  0.69641145009965422        46.770073398514263     
  0.70476838750085036        45.051985080388462     
  0.71322560815085967        43.363426752212199     
  0.72178431544867050        41.706274002344124     
  0.73044572723405488        40.082227283938728     
  0.73921107596086388        38.492812332380268     
  0.74808160887239339        36.939381611854976     
  0.75705858817886251        35.423116731439229     
  0.76614329123700919        33.945031764505615     
  0.77533701073185235        32.505977399690487     
  0.78464105486063496        31.106645847166678     
  0.79405674751896294        29.747576420532557     
  0.80358542848919101        28.429161712275313     
  0.81322845363106022        27.151654279478237     
  0.82298719507463336        25.915173756192949     
  0.83286304141552936        24.719714309651543     
  0.84285739791251479        23.565152359193007     
  0.85297168668746526        22.451254479363623     
  0.86320734692771539        21.377685412039185     
  0.87356583509084840        20.344016116522663     
  0.88404862511193738        19.349731791298836     
  0.89465720861328124        18.394239806371328     
  0.90539309511664112        17.476877490761431     
  0.91625781225803948        16.596919725699046     
  0.92725290600513655        15.753586300174826     
  0.93837994087719867        14.946048991737964     
  0.94964050016772550        14.173438341611515     
  0.96103618616973707        13.434850099260094     
  0.97256862040377434        12.729351317390273     
  0.98423944384862028        12.055986083915839     
  0.99605031717480241        11.413780882606353     
   1.0080029209809005        10.801749578906787     
   1.0200989560326719        10.218898031722823     
   1.0323401435050645        9.6642283357817096     
   1.0447282252271239        9.1367427024891299     
   1.0572649639298499        8.6354469899999824     
   1.0699521434970087        8.1593538955176754     
   1.0827915692189716        7.7074858246458566     
   1.0957850680495997        7.2788774539706971     
   1.1089344888661954        6.8725780039786777     
   1.1222417027325904        6.4876532399609514     
   1.1357086031653800        6.1231872187577467     
   1.1493371064033653        5.7782837991079123     
   1.1631291516802063        5.4520679330305688     
   1.1770867015003674        5.1436867551287948     
   1.1912117419183723        4.8523104860114730     
   1.2055062828213936        4.5771331652229179     
   1.2199723582152486        4.3173732281858035     
   1.2346120265138321        4.0722739407394384     
   1.2494273708319987        3.8411037039177747     
   1.2644204992819834        3.6231562406870284     
   1.2795935452733658        3.4177506754697644     
   1.2949486678166469        3.2242315164357689     
   1.3104880518304471        3.0419685497509898     
   1.3262139084524109        2.8703566394673099     
   1.3421284753538405        2.7088153489492104     
   1.3582340170580873        2.5567888060166144     
   1.3745328252627853        2.4137452977442591     
   1.3910272191659370        2.2791768326763457     
   1.4077195457959286        2.1525986615303996     
   1.4246121803454805        2.0335487576474365     
   1.4417075265096246        1.9215872622748404     
   1.4590080168277408        1.8162958994715734     
   1.4765161130296747        1.7172773651553015     
   1.4942343063860315        1.6241546945613183     
   1.5121651180626619        1.5365706121487879     
   1.5303110994794147        1.4541868677668737     
   1.5486748326731683        1.3766835626767826     
   1.5672589306652445        1.3037584688138473     
   1.5860660378332283        1.2351263444644349     
   1.6050988302872278        1.1705182493235680     
   1.6243600162506755        1.1096808616908960     
   1.6438523364456814        1.0523758003545607     
   1.6635785644830305       0.99837895350475936     
   1.6835415072568276       0.94747981850859186     
   1.7037440053439075       0.89948084591059618     
   1.7241889334080354       0.85419680666439479     
   1.7448792006089326       0.81145416675001658     
   1.7658177510162407       0.77109047921748330     
   1.7870075640284333       0.73295379308218112     
   1.8084516547967755       0.69690208004465160     
   1.8301530746543377       0.66280267983701724     
   1.8521149115501874       0.63053176483633677     
   1.8743402904887907       0.59997382443259273     
   1.8968323739746571       0.57102116949618242     
   1.9195943624623539       0.54357345715704020     
   1.9426294948118998       0.51753723598520041     
   1.9659410487496438       0.49282551155064280     
   1.9895323413346404       0.46935733223874948     
   2.0134067294306539       0.44705739510635939     
   2.0375676101838227       0.42585567148215175     
   2.0620184215060298       0.40568705194345783     
   2.0867626425641030       0.38649101023928639     
   2.1118037942748695       0.36821128567592187     
   2.1371454398061691       0.35079558343637346     
   2.1627911850838442       0.33419529226778044     
   2.1887446793048477       0.31836521894099901     
   2.2150096154565069       0.30326333886354290     
   2.2415897308419863       0.28885056221021854     
   2.2684888076120910       0.27509051492464526     
   2.2957106733034336       0.26194933393886138     
   2.3232592013830757       0.24939547595684758     
   2.3511383117996738       0.23739953915054335     
   2.3793519715412672       0.22593409712330201     
   2.4079041951997637       0.21497354450527115     
   2.4367990455421622       0.20449395355745667     
   2.4660406340886651       0.19447294117581848     
   2.4956331216977303       0.18488954570328195     
   2.5255807191581043       0.17572411297568835     
   2.5558876877880032       0.16695819104709347     
   2.5865583400414556       0.15857443306022079     
   2.6175970401219546       0.15055650774895618     
   2.6490082046034193       0.14288901708136106     
   2.6807963030586568       0.13555742057349451     
   2.7129658586953624       0.12854796582626876     
   2.7455214489997082       0.12184762485938247     
   2.7784677063877061       0.11544403583796875     
   2.8118093188643547       0.10932544980885450     
   2.8455510306907286       0.10348068208411643     
   2.8796976430590187        9.7899067929881303E-002
   2.9142540147757239        9.2570422237963301E-002
   2.9492250629530337        8.7485002876925608E-002
   2.9846157637084718        8.2633477437437722E-002
   3.0204311528729750        7.8006893104346997E-002
   3.0566763267074473        7.3596649404684245E-002
   3.0933564426279374        6.9394473596856243E-002
   3.1304767199394745        6.5392398481544253E-002
   3.1680424405787444        6.1582742429332385E-002
   3.2060589498656911        5.7958091433843936E-002
   3.2445316572640812        5.4511283012180306E-002
   3.2834660371512516        5.1235391786753327E-002
   3.3228676295970625        4.8123716594209824E-002
   3.3627420411522286        4.5169768978079249E-002
   3.4030949456460577        4.2367262932069050E-002
   3.4439320849938060        3.9710105770607580E-002
   3.4852592700137337        3.7192390012330288E-002
   3.5270823812539001        3.4808386170742389E-002
   3.5694073698289484        3.2552536354301567E-002
   3.6122402582668913        3.0419448585684773E-002
   3.6555871413660959        2.8403891757049927E-002
   3.6994541870624915        2.6500791144716429E-002
   3.7438476373072365        2.4705224412886195E-002
   3.7887738089549257        2.3012418041839823E-002
   3.8342390946623865        2.1417744121495816E-002
   3.8802499637983372        1.9916717456331459E-002
   3.9268129633639122        1.8504992932463504E-002
   3.9739347189242813        1.7178363102185651E-002
   4.0216219355513747        1.5932755945485863E-002
   4.0698813987779863        1.4764232772028449E-002
   4.1187199755633239        1.3668986230808301E-002
   4.1681446152700863        1.2643338398175628E-002
   4.2181623506533290        1.1683738918205535E-002
   4.2687802988611638        1.0786763172459725E-002
   4.3200056624474996        9.9491104590677618E-003
   4.3718457303968723        9.1676021637524859E-003
   4.4243078791616295        8.4391799079477810E-003
   4.4773995737115708        7.7609036615142362E-003
   4.5311283685961126        7.1299498097570496E-003
   4.5855019090192686        6.5436091664958411E-003
   4.6405279319274939        5.9992849268352584E-003
   4.6962142671106255        5.4944905550421705E-003
   4.7525688383159563        5.0268476045550068E-003
   4.8095996643757415        4.5940834686376188E-003
   4.8673148603482534        4.1940290615478399E-003
   4.9257226386724344        3.8246164313239820E-003
   4.9848313103364976        3.4838763064030144E-003
   5.0446492860605376        3.1699355792776905E-003
   5.1051850774932674        2.8810147312782115E-003
   5.1664472984231891        2.6154252033314131E-003
   5.2284446660042603        2.3715667182107295E-003
   5.2911860019963148        2.1479245603466756E-003
   5.3546802340202735        1.9430668197244142E-003
   5.4189363968285091        1.7556416067561155E-003
   5.4839636335904549        1.5843742452858150E-003
   5.5497711971935431        1.4280644510674644E-003
   5.6163684515598691        1.2855835031577018E-003
   5.6837648729785792        1.1558714156886050E-003
   5.7519700514543262        1.0379341174371406E-003
   5.8209936920717809        9.3084064649264040E-004
   5.8908456163766347        8.3372036714673265E-004
   5.9615357637731572        7.4576021589744710E-004
   6.0330741929384386        6.6620198317612564E-004
   6.1054710832537031        5.9433963707811535E-004
   6.1787367362527394        5.2951669501181617E-004
   6.2528815770877761        4.7112364878098938E-004
   6.3279161560128321        4.1859544818818525E-004
   6.4038511498849786        3.7140904779808473E-004
   6.4806973636836007        3.2908102103405384E-004
   6.5584657320478081        2.9116524530438647E-004
   6.6371673208323854        2.5725066137166218E-004
   6.7168133286823659        2.2695910969413777E-004
   6.7974150886265576        1.9994324598660411E-004
   6.8789840696900795        1.7588453777388438E-004
   6.9615318785263520        1.5449134324695797E-004
   7.0450702610686715        1.3549707328310717E-004
   7.1296111042014996        1.1865843706059987E-004
   7.2151664374519209        1.0375377128802155E-004
   7.3017484347013353        9.0581452680822832E-005
   7.3893694159177556        7.8958392954934866E-005
   7.4780418489087728        6.8718615271033952E-005
   7.5677783510956678        5.9711910754424728E-005
   7.6585916913088203        5.1802573435432666E-005
   7.7504947916045293        4.4868211704145362E-005
   7.8435007291037886        3.8798634151508761E-005
   7.9376227378530242        3.3494807476029551E-005
   8.0328742107072646        2.8867883971240099E-005
   8.1292687012357554        2.4838295972964980E-005
   8.2268199256505739        2.1334914536372345E-005
   8.3255417647583858        1.8294269529678661E-005
   8.4254482659354899        1.5659828272899401E-005
   8.5265536451267216        1.3381329814754635E-005
   8.6288722888682319        1.1414171927182077E-005
   8.7324187563346545        9.7188479032190764E-006
   8.8372077814106760        8.2604302685694652E-006
   8.9432542747875914        7.0080985582064320E-006
   9.0505733260850469        5.9347083651061695E-006
   9.1591802059980729        5.0163989368859612E-006
   9.2690903684700547        4.2322366759960176E-006
   9.3803194528916833        3.5638919884909319E-006
   9.4928832863263892        2.9953470236493121E-006
   9.6067978857623100        2.5126319502610805E-006
   9.7220794603914449        2.1035875237880170E-006
   9.8387444139161477        1.7576518104481694E-006
   9.9568093468831460        1.4656690483034808E-006
   10.076291059045733        1.2197187404751579E-006
   10.197206551754286        1.0129631906161468E-006
   10.319573030375343        8.3951180478794722E-007
   10.443407906739854        6.9430059608497774E-007
   10.568728801620717        5.7298543799754759E-007
   10.695553547240172        4.7184771898324009E-007
   10.823900189807059        3.8771115350704220E-007
   10.953786992084730        3.1786860348959281E-007
   11.085232435989752        2.6001785833784257E-007
   11.218255225221636        2.1220541127398794E-007
   11.352874287924301        1.7277735435487658E-007
   11.489108779379379        1.4033659428300840E-007
   11.626978084731936        1.1370830710591443E-007
   11.766501821748726        9.1924879693603962E-008
   11.907699843609697        7.4146789794602995E-008
   12.050592241733019        5.9670291625774813E-008
   12.195199348633823        4.7909150672388786E-008
   12.341541740817433        3.8376125464621059E-008
   12.489640241707228        3.0667178162673217E-008
   12.639515924607721        2.4448042700651322E-008
   12.791190115703021        1.9442825002858096E-008
   12.944684397091439        1.5424350591591218E-008
   13.100020609856545        1.2206011198686646E-008
   13.257220857174831        9.6348941908706798E-009
   13.416307507460935        7.5860071102493731E-009
   13.577303197550448        5.9574347771967469E-009
   13.740230835921063        4.6662885380368437E-009
   13.905113605952122        3.6453266730267454E-009
   14.071974969223531        2.8401419952948349E-009
   14.240838668854218        2.2068275290145407E-009
   14.411728732880476        1.7100440931954136E-009
   14.584669477675051        1.3214248528101704E-009
   14.759685511407133        1.0182616283052362E-009
   14.936801737544027        7.8242615586290219E-010
   15.116043358394563        5.9948672458720116E-010
   15.297435878695278        4.5798682728817483E-010
   15.481005109239630        3.4885777789337634E-010
   15.666777170550514        2.6494178599051441E-010
   15.854778496597127        2.0060584012904270E-010
   16.045035838556274        1.5143002716343795E-010
   16.237576268618955        1.1395668538829347E-010
   16.432427183842393        8.5489125167169931E-011
   16.629616310048480        6.3930614189293845E-011
   16.829171705769070        4.7655969595281781E-011
   17.031121766238311        3.5409473203133241E-011
   17.235495227433177        2.6223969915163298E-011
   17.442321170162355        1.9356958535772951E-011
   17.651629024204311        1.4240269221201810E-011
   17.863448572494775        1.0440568841518191E-011
   18.077809955364689        7.6284670994379058E-012
   18.294743674829071        5.5544314458609880E-012
   18.514280598927030        4.0300739008443933E-012
   18.736451966114164        2.9136615737267114E-012
   18.961289389707513        2.0989365610884280E-012
   19.188824862384013        1.5065197132834812E-012
   19.419090760732630        1.0773246362654135E-012
   19.652119849861400        7.6753001571790633E-013
   19.887945288059743        5.4475554316911913E-013
   20.126600631516471        3.8516404215122326E-013
   20.368119839094643        2.7127366876099060E-013
   20.612537277163792        1.9031243857265809E-013
   20.859887724489766        1.3298537876753837E-013
   21.110206377183655        9.2554410024866848E-014
   21.363528853709834        6.4154320267422384E-014
   21.619891199954360        4.4286268040479567E-014
   21.879329894353827        3.0444245046919617E-014
   22.141881853086044        2.0840713731925883E-014
   22.407584435323088        1.4205916854267065E-014
   22.676475448546974        9.6416871029019270E-015
   22.948593153929551        6.5154047559030959E-015
   23.223976271776678        4.3834051940920480E-015
   23.502663987038009        2.9358959586502024E-015
   23.784695954882480        1.9575155912257860E-015
   24.070112306341038        1.2992171489098593E-015
   24.358953654017146        8.5831428891527144E-016
   24.651261097865362        5.6438423769963401E-016
   24.947076231039759        3.6935408559278359E-016
   25.246441145812206        2.4056126857674024E-016
   25.549398439561966        1.5591871353184852E-016
   25.855991220836724        1.0056229876042779E-016
   26.166263115486728        6.4537319402354318E-017
   26.480258272872582        4.1209704024513728E-017
   26.798021372147069        2.6180302506325800E-017
   27.119597628612848        1.6546641334439052E-017
   27.445032800156167        1.0403469312616354E-017
   27.774373193758056        6.5065753900778282E-018
   28.107665672083169        4.0476704678448379E-018
   28.444957660148130        2.5044269786966882E-018
   28.786297152069924        1.5411110886125626E-018
   29.131732717894774        9.4309040839029454E-019
   29.481313510509530        5.7390187471575251E-019
   29.835089272635607        3.4726232378804193E-019
   30.193110343907250        2.0892183102213856E-019
   30.555427668034152        1.2496436352038842E-019
   30.922092800050525        7.4307808145401342E-020
   31.293157913651147        4.3923605022937689E-020
   31.668675808614974        2.5807488188133911E-020
   32.048699918318377        1.5071147922176792E-020
   32.433284317338156        8.7471784265501817E-021
   32.822483729146228        5.0452016820708400E-021
   33.216353533895997        2.8916479115079315E-021
   33.614949776302709        1.6467802837610961E-021
   34.018329173618362        9.3178535536038600E-022
   34.426549123701797        5.2378400532747647E-022
   34.839667713186238        2.9248955979331502E-022
   35.257743725744426        1.6223903722857587E-022
   35.680836650453379        8.9382303569933902E-023
   36.109006690258838        4.8906011247873042E-023
   36.542314770541900        2.6573531022176492E-023
   36.980822547788421        1.4337450573446554E-023
   37.424592418361897        7.6804251903795450E-024
   37.873687527382266        4.0844772705692896E-024
   38.328171777710800        2.1560474824414037E-024
   38.788109839043358        1.1294212562898020E-024
   39.253567157111895        5.8692346392282733E-025
   39.724609962997192        3.0240105025579856E-025
   40.201305282553179        1.5431391615895911E-025
   40.683720945943833        7.7836002889785852E-026
   41.171925597295186        3.8655175529891887E-026
   41.665988704462670        1.8751484984410026E-026
   42.165980568916247        8.7374779853831866E-027
   42.671972335743263        3.7660668140063967E-027
   43.184036003772128        1.3639326455798148E-027
   43.702244435817420        2.9843444181345333E-028
   44.226671369047246        0.0000000000000000     
