   1.7241379310344828E-005   9.2615044250530160E-002
   1.7448275862068966E-005   9.2615045762617962E-002
   1.7657655172413792E-005   9.2615047310929705E-002
   1.7869547034482760E-005   9.2615048896343227E-002
   1.8083981598896553E-005   9.2615050519757630E-002
   1.8300989378083313E-005   9.2615052182093691E-002
   1.8520601250620311E-005   9.2615053884294418E-002
   1.8742848465627754E-005   9.2615055627325499E-002
   1.8967762647215291E-005   9.2615057412175655E-002
   1.9195375798981874E-005   9.2615059239857925E-002
   1.9425720308569655E-005   9.2615061111409602E-002
   1.9658828952272490E-005   9.2615063027892811E-002
   1.9894734899699759E-005   9.2615064990395499E-002
   2.0133471718496162E-005   9.2615067000031762E-002
   2.0375073379118114E-005   9.2615069057942548E-002
   2.0619574259667532E-005   9.2615071165296117E-002
   2.0867009150783540E-005   9.2615073323289110E-002
   2.1117413260592947E-005   9.2615075533147101E-002
   2.1370822219720061E-005   9.2615077796125142E-002
   2.1627272086356702E-005   9.2615080113508538E-002
   2.1886799351392983E-005   9.2615082486613445E-002
   2.2149440943609697E-005   9.2615084916788132E-002
   2.2415234234933016E-005   9.2615087405413021E-002
   2.2684217045752209E-005   9.2615089953902052E-002
   2.2956427650301237E-005   9.2615092563703233E-002
   2.3231904782104854E-005   9.2615095236299572E-002
   2.3510687639490108E-005   9.2615097973209853E-002
   2.3792815891163992E-005   9.2615100775989237E-002
   2.4078329681857960E-005   9.2615103646230545E-002
   2.4367269638040258E-005   9.2615106585565071E-002
   2.4659676873696739E-005   9.2615109595663506E-002
   2.4955592996181101E-005   9.2615112678236661E-002
   2.5255060112135275E-005   9.2615115835036940E-002
   2.5558120833480898E-005   9.2615119067858589E-002
   2.5864818283482669E-005   9.2615122378539652E-002
   2.6175196102884459E-005   9.2615125768962220E-002
   2.6489298456119072E-005   9.2615129241053626E-002
   2.6807170037592502E-005   9.2615132796787999E-002
   2.7128856078043613E-005   9.2615136438187196E-002
   2.7454402350980138E-005   9.2615140167321530E-002
   2.7783855179191901E-005   9.2615143986311418E-002
   2.8117261441342203E-005   9.2615147897328540E-002
   2.8454668578638309E-005   9.2615151902596851E-002
   2.8796124601581972E-005   9.2615156004394211E-002
   2.9141678096800950E-005   9.2615160205053088E-002
   2.9491378233962569E-005   9.2615164506962555E-002
   2.9845274772770115E-005   9.2615168912569310E-002
   3.0203418070043359E-005   9.2615173424378847E-002
   3.0565859086883882E-005   9.2615178044957516E-002
   3.0932649395926486E-005   9.2615182776933480E-002
   3.1303841188677608E-005   9.2615187622997988E-002
   3.1679487282941732E-005   9.2615192585907558E-002
   3.2059641130337031E-005   9.2615197668485097E-002
   3.2444356823901077E-005   9.2615202873621919E-002
   3.2833689105787897E-005   9.2615208204278626E-002
   3.3227693375057347E-005   9.2615213663487864E-002
   3.3626425695558041E-005   9.2615219254355077E-002
   3.4029942803904732E-005   9.2615224980060792E-002
   3.4438302117551596E-005   9.2615230843862306E-002
   3.4851561742962214E-005   9.2615236849095561E-002
   3.5269780483877753E-005   9.2615242999176936E-002
   3.5693017849684288E-005   9.2615249297605298E-002
   3.6121334063880510E-005   9.2615255747963990E-002
   3.6554790072647079E-005   9.2615262353922770E-002
   3.6993447553518839E-005   9.2615269119240340E-002
   3.7437368924161058E-005   9.2615276047765899E-002
   3.7886617351250994E-005   9.2615283143441279E-002
   3.8341256759466008E-005   9.2615290410303738E-002
   3.8801351840579603E-005   9.2615297852488135E-002
   3.9266968062666561E-005   9.2615305474228915E-002
   3.9738171679418550E-005   9.2615313279862874E-002
   4.0215029739571578E-005   9.2615321273831361E-002
   4.0697610096446433E-005   9.2615329460683016E-002
   4.1185981417603794E-005   9.2615337845076320E-002
   4.1680213194615046E-005   9.2615346431781959E-002
   4.2180375752950421E-005   9.2615355225686188E-002
   4.2686540261985828E-005   9.2615364231792924E-002
   4.3198778745129656E-005   9.2615373455226913E-002
   4.3717164090071211E-005   9.2615382901236831E-002
   4.4241770059152070E-005   9.2615392575198033E-002
   4.4772671299861894E-005   9.2615402482615405E-002
   4.5309943355460238E-005   9.2615412629126800E-002
   4.5853662675725765E-005   9.2615423020506196E-002
   4.6403906627834469E-005   9.2615433662667168E-002
   4.6960753507368477E-005   9.2615444561665553E-002
   4.7524282549456902E-005   9.2615455723703957E-002
   4.8094573940050390E-005   9.2615467155134357E-002
   4.8671708827330987E-005   9.2615478862462283E-002
   4.9255769333258966E-005   9.2615490852350005E-002
   4.9846838565258082E-005   9.2615503131621216E-002
   5.0445000628041180E-005   9.2615515707263729E-002
   5.1050340635577661E-005   9.2615528586434487E-002
   5.1662944723204601E-005   9.2615541776462848E-002
   5.2282900059883055E-005   9.2615555284855530E-002
   5.2910294860601654E-005   9.2615569119300301E-002
   5.3545218398928875E-005   9.2615583287670319E-002
   5.4187761019716023E-005   9.2615597798028831E-002
   5.4838014151952612E-005   9.2615612658634189E-002
   5.5496070321776043E-005   9.2615627877943696E-002
   5.6162023165637366E-005   9.2615643464618813E-002
   5.6835967443625014E-005   9.2615659427530569E-002
   5.7517999052948502E-005   9.2615675775763906E-002
   5.8208215041583887E-005   9.2615692518622866E-002
   5.8906713622082903E-005   9.2615709665636495E-002
   5.9613594185547891E-005   9.2615727226563652E-002
   6.0328957315774473E-005   9.2615745211398842E-002
   6.1052904803563762E-005   9.2615763630378017E-002
   6.1785539661206529E-005   9.2615782493984139E-002
   6.2526966137141010E-005   9.2615801812953161E-002
   6.3277289730786709E-005   9.2615821598280509E-002
   6.4036617207556136E-005   9.2615841861226803E-002
   6.4805056614046811E-005   9.2615862613324648E-002
   6.5582717293415375E-005   9.2615883866384877E-002
   6.6369709900936363E-005   9.2615905632503701E-002
   6.7166146419747597E-005   9.2615927924069211E-002
   6.7972140176784574E-005   9.2615950753768883E-002
   6.8787805858905990E-005   9.2615974134596379E-002
   6.9613259529212857E-005   9.2615998079858861E-002
   7.0448618643563407E-005   9.2616022603184994E-002
   7.1294002067286174E-005   9.2616047718532504E-002
   7.2149530092093609E-005   9.2616073440195873E-002
   7.3015324453198728E-005   9.2616099782814945E-002
   7.3891508346637125E-005   9.2616126761382811E-002
   7.4778206446796786E-005   9.2616154391254604E-002
   7.5675544924158337E-005   9.2616182688156370E-002
   7.6583651463248237E-005   9.2616211668193588E-002
   7.7502655280807213E-005   9.2616241347860589E-002
   7.8432687144176896E-005   9.2616271744050169E-002
   7.9373879389907018E-005   9.2616302874062806E-002
   8.0326365942585916E-005   9.2616334755616772E-002
   8.1290282333896933E-005   9.2616367406857955E-002
   8.2265765721903703E-005   9.2616400846370558E-002
   8.3252954910566549E-005   9.2616435093187288E-002
   8.4251990369493341E-005   9.2616470166800510E-002
   8.5263014253927276E-005   9.2616506087173270E-002
   8.6286170424974392E-005   9.2616542874750366E-002
   8.7321604470074092E-005   9.2616580550470312E-002
   8.8369463723714979E-005   9.2616619135777137E-002
   8.9429897288399561E-005   9.2616658652632647E-002
   9.0503056055860377E-005   9.2616699123528892E-002
   9.1589092728530685E-005   9.2616740571500850E-002
   9.2688161841273053E-005   9.2616783020139773E-002
   9.3800419783368334E-005   9.2616826493606461E-002
   9.4926024820768751E-005   9.2616871016644967E-002
   9.6065137118617983E-005   9.2616916614596909E-002
   9.7217918764041410E-005   9.2616963313415776E-002
   9.8384533789209894E-005   9.2617011139681571E-002
   9.9565148194680417E-005   9.2617060120615963E-002
   1.0075992997301658E-004   9.2617110284098011E-002
   1.0196904913269279E-004   9.2617161658679920E-002
   1.0319267772228508E-004   9.2617214273602963E-002
   1.0443098985495251E-004   9.2617268158814617E-002
   1.0568416173321195E-004   9.2617323344985514E-002
   1.0695237167401047E-004   9.2617379863526819E-002
   1.0823580013409862E-004   9.2617437746607814E-002
   1.0953462973570781E-004   9.2617497027174464E-002
   1.1084904529253629E-004   9.2617557738968445E-002
   1.1217923383604674E-004   9.2617619916545962E-002
   1.1352538464207930E-004   9.2617683595297678E-002
   1.1488768925778426E-004   9.2617748811468559E-002
   1.1626634152887765E-004   9.2617815602178716E-002
   1.1766153762722420E-004   9.2617884005444420E-002
   1.1907347607875090E-004   9.2617954060200097E-002
   1.2050235779169589E-004   9.2618025806319726E-002
   1.2194838608519625E-004   9.2618099284640459E-002
   1.2341176671821862E-004   9.2618174536985093E-002
   1.2489270791883722E-004   9.2618251606186419E-002
   1.2639142041386329E-004   9.2618330536111390E-002
   1.2790811745882962E-004   9.2618411371685805E-002
   1.2944301486833557E-004   9.2618494158920539E-002
   1.3099633104675560E-004   9.2618578944937122E-002
   1.3256828701931669E-004   9.2618665777994755E-002
   1.3415910646354849E-004   9.2618754707517972E-002
   1.3576901574111110E-004   9.2618845784124521E-002
   1.3739824393000437E-004   9.2618939059654390E-002
   1.3904702285716446E-004   9.2619034587199028E-002
   1.4071558713145044E-004   9.2619132421131928E-002
   1.4240417417702784E-004   9.2619232617139405E-002
   1.4411302426715219E-004   9.2619335232252145E-002
   1.4584238055835805E-004   9.2619440324877761E-002
   1.4759248912505835E-004   9.2619547954834111E-002
   1.4936359899455899E-004   9.2619658183383358E-002
   1.5115596218249371E-004   9.2619771073266757E-002
   1.5296983372868364E-004   9.2619886688740313E-002
   1.5480547173342784E-004   9.2620005095611732E-002
   1.5666313739422900E-004   9.2620126361277144E-002
   1.5854309504295975E-004   9.2620250554760225E-002
   1.6044561218347527E-004   9.2620377746751137E-002
   1.6237095952967694E-004   9.2620508009646899E-002
   1.6431941104403305E-004   9.2620641417592353E-002
   1.6629124397656147E-004   9.2620778046522592E-002
   1.6828673890428023E-004   9.2620917974206046E-002
   1.7030617977113161E-004   9.2621061280289047E-002
   1.7234985392838522E-004   9.2621208046340539E-002
   1.7441805217552575E-004   9.2621358355899394E-002
   1.7651106880163208E-004   9.2621512294520758E-002
   1.7862920162725168E-004   9.2621669949826152E-002
   1.8077275204677869E-004   9.2621831411552363E-002
   1.8294202507134006E-004   9.2621996771602905E-002
   1.8513732937219617E-004   9.2622166124100222E-002
   1.8735897732466254E-004   9.2622339565439277E-002
   1.8960728505255844E-004   9.2622517194342460E-002
   1.9188257247318915E-004   9.2622699111915674E-002
   1.9418516334286740E-004   9.2622885421706103E-002
   1.9651538530298185E-004   9.2623076229761098E-002
   1.9887356992661764E-004   9.2623271644688421E-002
   2.0126005276573705E-004   9.2623471777718083E-002
   2.0367517339892586E-004   9.2623676742765393E-002
   2.0611927547971296E-004   9.2623886656496540E-002
   2.0859270678546954E-004   9.2624101638394310E-002
   2.1109581926689519E-004   9.2624321810826471E-002
   2.1362896909809796E-004   9.2624547299115401E-002
   2.1619251672727515E-004   9.2624778231609042E-002
   2.1878682692800245E-004   9.2625014739754707E-002
   2.2141226885113839E-004   9.2625256958172933E-002
   2.2406921607735208E-004   9.2625505024735086E-002
   2.2675804667028032E-004   9.2625759080641329E-002
   2.2947914323032370E-004   9.2626019270500778E-002
   2.3223289294908761E-004   9.2626285742414355E-002
   2.3501968766447668E-004   9.2626558648058716E-002
   2.3783992391645032E-004   9.2626838142772797E-002
   2.4069400300344776E-004   9.2627124385646104E-002
   2.4358233103948914E-004   9.2627417539609430E-002
   2.4650531901196300E-004   9.2627717771527396E-002
   2.4946338284010663E-004   9.2628025252293592E-002
   2.5245694343418789E-004   9.2628340156927849E-002
   2.5548642675539814E-004   9.2628662664675690E-002
   2.5855226387646284E-004   9.2628992959110854E-002
   2.6165489104298045E-004   9.2629331228238992E-002
   2.6479474973549623E-004   9.2629677664605545E-002
   2.6797228673232219E-004   9.2630032465404660E-002
   2.7118795417311009E-004   9.2630395832591986E-002
   2.7444220962318742E-004   9.2630767972999253E-002
   2.7773551613866570E-004   9.2631149098452339E-002
   2.8106834233232957E-004   9.2631539425891501E-002
   2.8444116244031751E-004   9.2631939177495098E-002
   2.8785445638960139E-004   9.2632348580805920E-002
   2.9130870986627660E-004   9.2632767868861446E-002
   2.9480441438467199E-004   9.2633197280324903E-002
   2.9834206735728809E-004   9.2633637059623131E-002
   3.0192217216557540E-004   9.2634087457084069E-002
   3.0554523823156236E-004   9.2634548729079849E-002
   3.0921178109034111E-004   9.2635021138173304E-002
   3.1292232246342525E-004   9.2635504953266404E-002
   3.1667739033298638E-004   9.2636000449754188E-002
   3.2047751901698223E-004   9.2636507909681254E-002
   3.2432324924518602E-004   9.2637027621902096E-002
   3.2821512823612812E-004   9.2637559882245896E-002
   3.3215370977496169E-004   9.2638104993684897E-002
   3.3613955429226123E-004   9.2638663266506827E-002
   3.4017322894376844E-004   9.2639235018491251E-002
   3.4425530769109365E-004   9.2639820575090848E-002
   3.4838637138338683E-004   9.2640420269616705E-002
   3.5256700783998731E-004   9.2641034443428000E-002
   3.5679781193406724E-004   9.2641663446125982E-002
   3.6107938567727602E-004   9.2642307635753721E-002
   3.6541233830540335E-004   9.2642967378999408E-002
   3.6979728636506821E-004   9.2643643051405072E-002
   3.7423485380144912E-004   9.2644335037581071E-002
   3.7872567204706655E-004   9.2645043731424126E-002
   3.8327038011163120E-004   9.2645769536342321E-002
   3.8786962467297079E-004   9.2646512865484296E-002
   3.9252406016904645E-004   9.2647274141974809E-002
   3.9723434889107505E-004   9.2648053799155541E-002
   4.0200116107776802E-004   9.2648852280831570E-002
   4.0682517501070123E-004   9.2649670041524274E-002
   4.1170707711082947E-004   9.2650507546730210E-002
   4.1664756203615950E-004   9.2651365273186029E-002
   4.2164733278059348E-004   9.2652243709139909E-002
   4.2670710077396054E-004   9.2653143354629749E-002
   4.3182758598324817E-004   9.2654064721767432E-002
   4.3700951701504712E-004   9.2655008335030931E-002
   4.4225363121922775E-004   9.2655974731562493E-002
   4.4756067479385833E-004   9.2656964461474783E-002
   4.5293140289138465E-004   9.2657978088163853E-002
   4.5836657972608130E-004   9.2659016188630455E-002
   4.6386697868279437E-004   9.2660079353807712E-002
   4.6943338242698787E-004   9.2661168188898566E-002
   4.7506658301611180E-004   9.2662283313719729E-002
   4.8076738201230493E-004   9.2663425363055107E-002
   4.8653659059645269E-004   9.2664594987016582E-002
   4.9237502968361014E-004   9.2665792851414755E-002
   4.9828353003981344E-004   9.2667019638137851E-002
   5.0426293240029131E-004   9.2668276045540288E-002
   5.1031408758909482E-004   9.2669562788840157E-002
   5.1643785664016399E-004   9.2670880600526542E-002
   5.2263511091984571E-004   9.2672230230776531E-002
   5.2890673225088395E-004   9.2673612447882456E-002
   5.3525361303789461E-004   9.2675028038689655E-002
   5.4167665639434941E-004   9.2676477809044158E-002
   5.4817677627108164E-004   9.2677962584252024E-002
   5.5475489758633465E-004   9.2679483209549260E-002
   5.6141195635737062E-004   9.2681040550582766E-002
   5.6814889983365896E-004   9.2682635493903792E-002
   5.7496668663166287E-004   9.2684268947472684E-002
   5.8186628687124291E-004   9.2685941841175970E-002
   5.8884868231369794E-004   9.2687655127356119E-002
   5.9591486650146228E-004   9.2689409781353718E-002
   6.0306584489947987E-004   9.2691206802063039E-002
   6.1030263503827344E-004   9.2693047212501184E-002
   6.1762626665873277E-004   9.2694932060390617E-002
   6.2503778185863767E-004   9.2696862418755674E-002
   6.3253823524094129E-004   9.2698839386534268E-002
   6.4012869406383267E-004   9.2700864089203486E-002
   6.4781023839259860E-004   9.2702937679420602E-002
   6.5558396125330986E-004   9.2705061337679667E-002
   6.6345096878834935E-004   9.2707236272984300E-002
   6.7141238041380964E-004   9.2709463723536056E-002
   6.7946932897877546E-004   9.2711744957439918E-002
   6.8762296092652068E-004   9.2714081273426660E-002
   6.9587443645763910E-004   9.2716474001592761E-002
   7.0422492969513071E-004   9.2718924504157890E-002
   7.1267562885147205E-004   9.2721434176240958E-002
   7.2122773639768975E-004   9.2724004446655336E-002
   7.2988246923446211E-004   9.2726636778722518E-002
   7.3864105886527567E-004   9.2729332671106085E-002
   7.4750475157165915E-004   9.2732093658665291E-002
   7.5647480859051912E-004   9.2734921313329638E-002
   7.6555250629360542E-004   9.2737817244994650E-002
   7.7473913636912832E-004   9.2740783102438981E-002
   7.8403600600555803E-004   9.2743820574264127E-002
   7.9344443807762466E-004   9.2746931389856471E-002
   8.0296577133455622E-004   9.2750117320372819E-002
   8.1260136059057100E-004   9.2753380179749406E-002
   8.2235257691765790E-004   9.2756721825735716E-002
   8.3222080784066952E-004   9.2760144160953809E-002
   8.4220745753475757E-004   9.2763649133981635E-002
   8.5231394702517480E-004   9.2767238740464067E-002
   8.6254171438947692E-004   9.2770915024250292E-002
   8.7289221496215073E-004   9.2774680078558699E-002
   8.8336692154169659E-004   9.2778536047169957E-002
   8.9396732460019705E-004   9.2782485125648545E-002
   9.0469493249539898E-004   9.2786529562594727E-002
   9.1555127168534394E-004   9.2790671660926027E-002
   9.2653788694556816E-004   9.2794913779190052E-002
   9.3765634158891507E-004   9.2799258332909279E-002
   9.4890821768798172E-004   9.2803707795957494E-002
   9.6029511630023800E-004   9.2808264701970705E-002
   9.7181865769584044E-004   9.2812931645791880E-002
   9.8348048158819089E-004   9.2817711284949395E-002
   9.9528224736724897E-004   9.2822606341173397E-002
   1.0072256343356565E-003   9.2827619601946812E-002
   1.0193123419476840E-003   9.2832753922095834E-002
   1.0315440900510557E-003   9.2838012225416849E-002
   1.0439226191316690E-003   9.2843397506344336E-002
   1.0564496905612487E-003   9.2848912831658706E-002
   1.0691270868479841E-003   9.2854561342234895E-002
   1.0819566118901597E-003   9.2860346254834511E-002
   1.0949400912328411E-003   9.2866270863939754E-002
   1.1080793723276358E-003   9.2872338543633109E-002
   1.1213763247955671E-003   9.2878552749522295E-002
   1.1348328406931144E-003   9.2884917020710930E-002
   1.1484508347814313E-003   9.2891434981818372E-002
   1.1622322447988091E-003   9.2898110345046858E-002
   1.1761790317363944E-003   9.2904946912300362E-002
   1.1902931801172308E-003   9.2911948577353271E-002
   1.2045766982786382E-003   9.2919119328072522E-002
   1.2190316186579814E-003   9.2926463248693622E-002
   1.2336599980818778E-003   9.2933984522151444E-002
   1.2484639180588601E-003   9.2941687432467446E-002
   1.2634454850755667E-003   9.2949576367194961E-002
   1.2786068308964730E-003   9.2957655819923532E-002
   1.2939501128672304E-003   9.2965930392844148E-002
   1.3094775142216378E-003   9.2974404799376881E-002
   1.3251912443922971E-003   9.2983083866861757E-002
   1.3410935393250052E-003   9.2991972539314890E-002
   1.3571866617969048E-003   9.3001075880252249E-002
   1.3734729017384683E-003   9.3010399075580216E-002
   1.3899545765593295E-003   9.3019947436558378E-002
   1.4066340314780410E-003   9.3029726402832302E-002
   1.4235136398557781E-003   9.3039741545540844E-002
   1.4405958035340471E-003   9.3049998570499254E-002
   1.4578829531764564E-003   9.3060503321458182E-002
   1.4753775486145732E-003   9.3071261783443188E-002
   1.4930820791979489E-003   9.3082280086173835E-002
   1.5109990641483237E-003   9.3093564507567311E-002
   1.5291310529181030E-003   9.3105121477325789E-002
   1.5474806255531212E-003   9.3116957580612045E-002
   1.5660503930597580E-003   9.3129079561813516E-002
   1.5848429977764760E-003   9.3141494328397079E-002
   1.6038611137497931E-003   9.3154208954859874E-002
   1.6231074471147900E-003   9.3167230686773295E-002
   1.6425847364801682E-003   9.3180566944927185E-002
   1.6622957533179298E-003   9.3194225329574248E-002
   1.6822433023577458E-003   9.3208213624776493E-002
   1.7024302219860381E-003   9.3222539802859217E-002
   1.7228593846498714E-003   9.3237212028971464E-002
   1.7435336972656693E-003   9.3252238665759074E-002
   1.7644561016328566E-003   9.3267628278149495E-002
   1.7856295748524518E-003   9.3283389638254971E-002
   1.8070571297506806E-003   9.3299531730393626E-002
   1.8287418153076897E-003   9.3316063756232442E-002
   1.8506867170913813E-003   9.3332995140057065E-002
   1.8728949576964789E-003   9.3350335534168050E-002
   1.8953696971888360E-003   9.3368094824409761E-002
   1.9181141335551013E-003   9.3386283135833276E-002
   1.9411315031577635E-003   9.3404910838497113E-002
   1.9644250811956558E-003   9.3423988553410081E-002
   1.9879981821700047E-003   9.3443527158617326E-002
   2.0118541603560440E-003   9.3463537795436938E-002
   2.0359964102803180E-003   9.3484031874846191E-002
   2.0604283672036811E-003   9.3505021084025627E-002
   2.0851535076101243E-003   9.3526517393060629E-002
   2.1101753497014468E-003   9.3548533061808561E-002
   2.1354974538978634E-003   9.3571080646932134E-002
   2.1611234233446389E-003   9.3594173009104359E-002
   2.1870569044247735E-003   9.3617823320390176E-002
   2.2133015872778700E-003   9.3642045071807484E-002
   2.2398612063252057E-003   9.3666852081073615E-002
   2.2667395408011073E-003   9.3692258500540720E-002
   2.2939404152907223E-003   9.3718278825324200E-002
   2.3214677002742099E-003   9.3744927901631761E-002
   2.3493253126775017E-003   9.3772220935293985E-002
   2.3775172164296307E-003   9.3800173500505485E-002
   2.4060474230267852E-003   9.3828801548778137E-002
   2.4349199921031078E-003   9.3858121418114795E-002
   2.4641390320083445E-003   9.3888149842406912E-002
   2.4937087003924457E-003   9.3918903961062492E-002
   2.5236332047971540E-003   9.3950401328869573E-002
   2.5539168032547217E-003   9.3982659926101872E-002
   2.5845638048937773E-003   9.4015698168872300E-002
   2.6155785705525014E-003   9.4049534919739511E-002
   2.6469655133991329E-003   9.4084189498575541E-002
   2.6787290995599214E-003   9.4119681693699692E-002
   2.7108738487546420E-003   9.4156031773285659E-002
   2.7434043349396967E-003   9.4193260497049625E-002
   2.7763251869589744E-003   9.4231389128224124E-002
   2.8096410892024812E-003   9.4270439445827359E-002
   2.8433567822729101E-003   9.4310433757234260E-002
   2.8774770636601867E-003   9.4351394911055722E-002
   2.9120067884241077E-003   9.4393346310336204E-002
   2.9469508698851984E-003   9.4436311926075003E-002
   2.9823142803238195E-003   9.4480316311082016E-002
   3.0181020516877070E-003   9.4525384614173105E-002
   3.0543192763079581E-003   9.4571542594717561E-002
   3.0909711076236527E-003   9.4618816637542777E-002
   3.1280627609151382E-003   9.4667233768207751E-002
   3.1655995140461189E-003   9.4716821668653695E-002
   3.2035867082146740E-003   9.4767608693240274E-002
   3.2420297487132490E-003   9.4819623885180324E-002
   3.2809341056978065E-003   9.4872896993378752E-002
   3.3203053149661820E-003   9.4927458489689823E-002
   3.3601489787457748E-003   9.4983339586601448E-002
   3.4004707664907260E-003   9.5040572255356712E-002
   3.4412764156886134E-003   9.5099189244525928E-002
   3.4825717326768786E-003   9.5159224099038625E-002
   3.5243625934690001E-003   9.5220711179688083E-002
   3.5666549445906269E-003   9.5283685683120928E-002
   3.6094548039257161E-003   9.5348183662322228E-002
   3.6527682615728231E-003   9.5414242047611703E-002
   3.6966014807116991E-003   9.5481898668161161E-002
   3.7409606984802383E-003   9.5551192274048777E-002
   3.7858522268620033E-003   9.5622162558862175E-002
   3.8312824535843455E-003   9.5694850182866054E-002
   3.8772578430273561E-003   9.5769296796747561E-002
   3.9237849371436869E-003   9.5845545065954690E-002
   3.9708703563894098E-003   9.5923638695644520E-002
   4.0185208006660849E-003   9.6003622456253032E-002
   4.0667430502740760E-003   9.6085542209707941E-002
   4.1155439668773665E-003   9.6169444936295687E-002
   4.1649304944798944E-003   9.6255378762204788E-002
   4.2149096604136510E-003   9.6343392987759027E-002
   4.2654885763386170E-003   9.6433538116360309E-002
   4.3166744392546790E-003   9.6525865884159498E-002
   4.3684745325257377E-003   9.6620429290473611E-002
   4.4208962269160447E-003   9.6717282628970974E-002
   4.4739469816390395E-003   9.6816481519639716E-002
   4.5276343454187067E-003   9.6918082941566591E-002
   4.5819659575637292E-003   9.7022145266541640E-002
   4.6369495490544959E-003   9.7128728293513850E-002
   4.6925929436431478E-003   9.7237893283919574E-002
   4.7489040589668687E-003   9.7349702997904602E-002
   4.8058909076744687E-003   9.7464221731468473E-002
   4.8635615985665607E-003   9.7581515354548648E-002
   4.9219243377493626E-003   9.7701651350075983E-002
   4.9809874298023527E-003   9.7824698854024048E-002
   5.0407592789599841E-003   9.7950728696477335E-002
   5.1012483903075025E-003   9.8079813443750649E-002
   5.1624633709911943E-003   9.8212027441582236E-002
   5.2244129314430870E-003   9.8347446859433127E-002
   5.2871058866204024E-003   9.8486149735920556E-002
   5.3505511572598495E-003   9.8628216025417548E-002
   5.4147577711469667E-003   9.8773727645848991E-002
   5.4797348644007324E-003   9.8922768527716226E-002
   5.5454916827735396E-003   9.9075424664385556E-002
   5.6120375829668244E-003   9.9231784163672038E-002
   5.6793820339624251E-003   9.9391937300756836E-002
   5.7475346183699719E-003   9.9555976572472074E-002
   5.8165050337904145E-003   9.9723996752992747E-002
   5.8863030941958975E-003   9.9896094950972861E-002
   5.9569387313262506E-003  0.10007237066816582     
   6.0284219961021642E-003  0.10025292585957046     
   6.1007630600553924E-003  0.10043786499514450     
   6.1739722167760552E-003  0.10062729512312922     
   6.2480598833773654E-003  0.10082132593502949     
   6.3230366019778970E-003  0.10102006983229664     
   6.3989130412016298E-003  0.10122364199476017     
   6.4756999976960531E-003  0.10143216045085784     
   6.5534083976684027E-003  0.10164574614971605     
   6.6320492984404218E-003  0.10186452303512976     
   6.7116338900217098E-003  0.10208861812149915     
   6.7921734967019681E-003  0.10231816157177601     
   6.8736795786623946E-003  0.10255328677747666     
   6.9561637336063411E-003  0.10279413044082338     
   7.0396376984096214E-003  0.10304083265907094     
   7.1241133507905334E-003  0.10329353701108532     
   7.2096027110000174E-003  0.10355239064623548     
   7.2961179435320211E-003  0.10381754437566751     
   7.3836713588544033E-003  0.10408915276603015     
   7.4722754151606606E-003  0.10436737423571986     
   7.5619427201425856E-003  0.10465237115372321     
   7.6526860327843001E-003  0.10494430994112842     
   7.7445182651777094E-003  0.10524336117538857     
   7.8374524843598387E-003  0.10554969969741254     
   7.9315019141721604E-003  0.10586350472157080     
   8.0266799371422250E-003  0.10618495994870207     
   8.1230000963879341E-003  0.10651425368220724     
   8.2204760975445861E-003  0.10685157894732637     
   8.3191218107151257E-003  0.10719713361369101     
   8.4189512724437057E-003  0.10755112052125218     
   8.5199786877130264E-003  0.10791374760968393     
   8.6222184319655875E-003  0.10828522805136875     
   8.7256850531491712E-003  0.10866578038807409     
   8.8303932737869659E-003  0.10905562867142998     
   8.9363579930724062E-003  0.10945500260732705     
   9.0435942889892790E-003  0.10986413770435195     
   9.1521174204571478E-003  0.11028327542638755     
   9.2619428295026302E-003  0.11071266334950333     
   9.3730861434566659E-003  0.11115255532327228     
   9.4855631771781426E-003  0.11160321163664964     
   9.5993899353042852E-003  0.11206489918855676     
   9.7145826145279331E-003  0.11253789166331869     
   9.8311576059022660E-003  0.11302246971110490     
   9.9491314971730960E-003  0.11351892113353583     
   1.0068521075139171E-002  0.11402754107461542     
   1.0189343328040846E-002  0.11454863221716079     
   1.0311615447977334E-002  0.11508250498490441     
   1.0435354833353066E-002  0.11562947775045002     
   1.0560579091353299E-002  0.11618987704927206     
   1.0687306040449533E-002  0.11676403779995273     
   1.0815553712934934E-002  0.11735230353085939     
   1.0945340357490150E-002  0.11795502661347358     
   1.1076684441780036E-002  0.11857256850258556     
   1.1209604655081393E-002  0.11920529998358391     
   1.1344119910942377E-002  0.11985360142707044     
   1.1480249349873682E-002  0.12051786305104537     
   1.1618012342072159E-002  0.12119848519091247     
   1.1757428490177033E-002  0.12189587857756547     
   1.1898517632059152E-002  0.12261046462382637     
   1.2041299843643868E-002  0.12334267571951572     
   1.2185795441767591E-002  0.12409295553544611     
   1.2332024987068807E-002  0.12486175933664111     
   1.2480009286913630E-002  0.12564955430509406     
   1.2629769398356588E-002  0.12645681987238994     
   1.2781326631136875E-002  0.12728404806253010     
   1.2934702550710511E-002  0.12813174384531020     
   1.3089918981319046E-002  0.12900042550061491     
   1.3246998009094868E-002  0.12989062499400894     
   1.3405961985204001E-002  0.13080288836401435     
   1.3566833529026458E-002  0.13173777612148635     
   1.3729635531374771E-002  0.13269586366150829     
   1.3894391157751275E-002  0.13367774168824553     
   1.4061123851644285E-002  0.13468401665322019     
   1.4229857337864023E-002  0.13571531120747596     
   1.4400615625918387E-002  0.13677226466813280     
   1.4573423013429402E-002  0.13785553349984145     
   1.4748304089590561E-002  0.13896579181167174     
   1.4925283738665644E-002  0.14010373186999309     
   1.5104387143529638E-002  0.14127006462791841     
   1.5285639789251989E-002  0.14246552027191720     
   1.5469067466723021E-002  0.14369084878621571     
   1.5654696276323692E-002  0.14494682053563943     
   1.5842552631639570E-002  0.14623422686756690     
   1.6032663263219255E-002  0.14755388073369841     
   1.6225055222377879E-002  0.14890661733237293     
   1.6419755885046423E-002  0.15029329477218611     
   1.6616792955666971E-002  0.15171479475770699     
   1.6816194471134985E-002  0.15317202329810820     
   1.7017988804788598E-002  0.15466591143957240     
   1.7222204670446054E-002  0.15619741602235865     
   1.7428871126491417E-002  0.15776752046346046     
   1.7638017580009307E-002  0.15937723556581743     
   1.7849673790969429E-002  0.16102760035508346     
   1.8063869876461056E-002  0.16271968294500017     
   1.8280636314978598E-002  0.16445458143245784     
   1.8500003950758331E-002  0.16623342482338319     
   1.8722003998167425E-002  0.16805737399062559     
   1.8946668046145448E-002  0.16992762266507630     
   1.9174028062699182E-002  0.17184539846129579     
   1.9404116399451585E-002  0.17381196393897869     
   1.9636965796244996E-002  0.17582861770164851     
   1.9872609385799930E-002  0.17789669553401863     
   2.0111080698429536E-002  0.18001757157952961     
   2.0352413666810686E-002  0.18219265955962630     
   2.0596642630812425E-002  0.18442341403640350     
   2.0843802342382166E-002  0.18671133172032559     
   2.1093927970490766E-002  0.18905795282478374     
   2.1347055106136641E-002  0.19146486246933875     
   2.1603219767410274E-002  0.19393369213356745     
   2.1862458404619211E-002  0.19646612116351522     
   2.2124807905474633E-002  0.19906387833283870     
   2.2390305600340343E-002  0.20172874346080832     
   2.2658989267544415E-002  0.20446254908943684     
   2.2930897138754961E-002  0.20726718222208529     
   2.3206067904420015E-002  0.21014458612600873     
   2.3484540719273046E-002  0.21309676220139268     
   2.3766355207904336E-002  0.21612577191955151     
   2.4051551470399179E-002  0.21923373883306335     
   2.4340170088043980E-002  0.22242285066073200     
   2.4632252129100498E-002  0.22569536145039801     
   2.4927839154649717E-002  0.22905359382272775     
   2.5226973224505504E-002  0.23249994129926352     
   2.5529696903199561E-002  0.23603687071813587     
   2.5836053266037971E-002  0.23966692474099052     
   2.6146085905230414E-002  0.24339272445483343     
   2.6459838936093195E-002  0.24721697207264012     
   2.6777357003326303E-002  0.25114245373675242     
   2.7098685287366232E-002  0.25517204242923713     
   2.7423869510814620E-002  0.25930870099356829     
   2.7752955944944382E-002  0.26355548527216505     
   2.8085991416283727E-002  0.26791554736451734     
   2.8423023313279124E-002  0.27239213901081571     
   2.8764099593038488E-002  0.27698861510621386     
   2.9109268788154941E-002  0.28170843735106282     
   2.9458580013612790E-002  0.28655517804267261     
   2.9812082973776157E-002  0.29153252401439272     
   3.0169827969461459E-002  0.29664428072803845     
   3.0531865905095015E-002  0.30189437652593010     
   3.0898248295956141E-002  0.30728686704908853     
   3.1269027275507635E-002  0.31282593982837292     
   3.1644255602813712E-002  0.31851591905564947     
   3.2023986670047466E-002  0.32436127054234348     
   3.2408274510088056E-002  0.33036660687305042     
   3.2797173804209094E-002  0.33653669276217224     
   3.3190739889859620E-002  0.34287645062187522     
   3.3589028768537928E-002  0.34939096635000838     
   3.3992097113760396E-002  0.35608549534694534     
   3.4400002279125513E-002  0.36296546877070129     
   3.4812802306475002E-002  0.37003650004001731     
   3.5230555934152724E-002  0.37730439159551860     
   3.5653322605362546E-002  0.38477514192943152     
   3.6081162476626912E-002  0.39245495289476384     
   3.6514136426346419E-002  0.40035023730528946     
   3.6952306063462600E-002  0.40846762683810178     
   3.7395733736224131E-002  0.41681398025097843     
   3.7844482541058808E-002  0.42539639192725293     
   3.8298616331551537E-002  0.43422220076139378     
   3.8758199727530140E-002  0.44329899939898382     
   3.9223298124260529E-002  0.45263464384531477     
   3.9693977701751641E-002  0.46223726345735744     
   4.0170305434172646E-002  0.47211527133440412     
   4.0652349099382735E-002  0.48227737512326657     
   4.1140177288575309E-002  0.49273258825449195     
   4.1633859416038234E-002  0.50349024162665523     
   4.2133465729030678E-002  0.51455999575642730     
   4.2639067317779070E-002  0.52595185341272865     
   4.3150736125592407E-002  0.53767617275396518     
   4.3668544959099491E-002  0.54974368098797899     
   4.4192567498608712E-002  0.56216548857506976     
   4.4722878308592000E-002  0.57495310399512845     
   4.5259552848295130E-002  0.58811844910063926     
   4.5802667482474656E-002  0.60167387507807213     
   4.6352299492264375E-002  0.61563217904090795     
   4.6908527086171527E-002  0.63000662127833629     
   4.7471429411205565E-002  0.64481094318441723     
   4.8041086564140065E-002  0.66005938589332769     
   4.8617579602909723E-002  0.67576670964709440     
   4.9200990558144669E-002  0.69194821392304018     
   4.9791402444842384E-002  0.70861975834901914     
   5.0388899274180519E-002  0.72579778443532339     
   5.0993566065470668E-002  0.74349933815301950     
   5.1605488858256346E-002  0.76174209338929477     
   5.2224754724555351E-002  0.78054437631128570     
   5.2851451781250045E-002  0.79992519067065837     
   5.3485669202625076E-002  0.81990424408213936     
   5.4127497233056605E-002  0.84050197530996806     
   5.4777027199853209E-002  0.86173958259714767     
   5.5434351526251480E-002  0.88363905307314483     
   5.6099563744566525E-002  0.90622319327658130     
   5.6772758509501253E-002  0.92951566083016290     
   5.7454031611615303E-002  0.95354099730594066     
   5.8143479990954712E-002  0.97832466231973980     
   5.8841201750846200E-002   1.0038930688942462     
   5.9547296171856279E-002   1.0302736201309932     
   6.0261863725918588E-002   1.0574947472320633     
   6.0985006090629637E-002   1.0855859489129336     
   6.1716826163717119E-002   1.1145778322483710     
   6.2457428077681752E-002   1.1445021549937631     
   6.3206917214613967E-002   1.1753918694246557     
   6.3965400221189364E-002   1.2072811677374826     
   6.4732985023843559E-002   1.2402055290547482     
   6.5509780844129728E-002   1.2742017680779314     
   6.6295898214259311E-002   1.3093080854314210     
   6.7091448992830344E-002   1.3455641197404935     
   6.7896546380744341E-002   1.3830110014861812     
   6.8711304937313311E-002   1.4216914086792813     
   6.9535840596560983E-002   1.4616496243951413     
   7.0370270683719746E-002   1.5029315962100109     
   7.1214713931924412E-002   1.5455849975787022     
   7.2069290499107555E-002   1.5896592911919476     
   7.2934121985096745E-002   1.6352057943503882     
   7.3809331448917950E-002   1.6822777463901983     
   7.4695043426305008E-002   1.7309303781933920     
   7.5591383947420571E-002   1.7812209838132178     
   7.6498480554789666E-002   1.8332089942424430     
   7.7416462321447180E-002   1.8869560533490866     
   7.8345459869304579E-002   1.9425260960005730     
   7.9285605387736144E-002   1.9999854283933192     
   8.0237032652389018E-002   2.0594028106002691     
   8.1199877044217716E-002   2.1208495413439512     
   8.2174275568748234E-002   2.1843995449970031     
   8.3160366875573252E-002   2.2501294608061224     
   8.4158291278080180E-002   2.3181187343286709     
   8.5168190773417182E-002   2.3884497110636227     
   8.6190209062698087E-002   2.4612077322506685     
   8.7224491571450513E-002   2.5364812328022146     
   8.8271185470307961E-002   2.6143618413235767     
   8.9330439695951544E-002   2.6949444821659112     
   9.0402404972303008E-002   2.7783274794451649     
   9.1487233831970688E-002   2.8646126629479625     
   9.2585080637954384E-002   2.9539054758317156     
   9.3696101605609719E-002   3.0463150840318649     
   9.4820454824877082E-002   3.1419544873425722     
   9.5958300282775660E-002   3.2409406311371276     
   9.7109799886168843E-002   3.3433945204063762     
   9.8275117484802929E-002   3.4494413345330770     
   9.9454418894620616E-002   3.5592105429098830     
  0.10064787192135612        3.6728360212283455     
  0.10185564638441226        3.7904561681947655     
  0.10307791414102525        3.9122140224031394     
  0.10431484911071762        4.0382573790684031     
  0.10556662730004610        4.1687389062940552     
  0.10683342682764671        4.3038162605177019     
  0.10811542794957853        4.4436522007454657     
  0.10941281308497353        4.5884147011513896     
  0.11072576684199306        4.7382770615817318     
  0.11205447604409705        4.8934180154650306     
  0.11339912975662626        5.0540218345884105     
  0.11475991931370563        5.2202784301572862     
  0.11613703834547016        5.3923834495106240     
  0.11753068280561586        5.5705383678165443     
  0.11894105099928332        5.7549505740229785     
  0.12036834361127458        5.9458334502864698     
  0.12181276373460993        6.1434064440474483     
  0.12327451689942531        6.3478951318639822     
  0.12475381110221827        6.5595312740566243     
  0.12625085683544496        6.7785528591560853     
  0.12776586711747034        7.0052041370818818     
  0.12929905752288007        7.2397356399144259     
  0.13085064621315445        7.4824041890555320     
  0.13242085396771239        7.7334728875027423     
  0.13400990421532499        7.9932110958916205     
  0.13561802306590873        8.2618943908870257     
  0.13724543934269970        8.5398045044304371     
  0.13889238461481218        8.8272292422748553     
  0.14055909323018975        9.1244623801624147     
  0.14224580234895209        9.4318035359232386     
  0.14395275197713958        9.7495580156973940     
  0.14568018500086535        10.078036632404540     
  0.14742834722087556        10.417555494510832     
  0.14919748738752611        10.768435763067373     
  0.15098785723617653        11.131003374922615     
  0.15279971152301047        11.505588729940275     
  0.15463330806128667        11.892526339987942     
  0.15648890775802218        12.292154437399132     
  0.15836677465111854        12.704814540552903     
  0.16026717594693174        13.130850974164344     
  0.16219038205829500        13.570610341833376     
  0.16413666664299464        14.024440948363459     
  0.16610630664271037        14.492692169333154     
  0.16809958232242297        14.975713765387061     
  0.17011677731029215        15.473855138707892     
  0.17215817863801575        15.987464529138567     
  0.17422407678167171        16.516888147447812     
  0.17631476570305188        17.062469243271465     
  0.17843054289148860        17.624547105321117     
  0.18057170940618622        18.203455991528713     
  0.18273856991906057        18.799523986897263     
  0.18493143275808938        19.413071786952436     
  0.18715060995118654        20.044411404838932     
  0.18939641727060055        20.693844800286431     
  0.19166917427784785        21.361662428877075     
  0.19396920436918211        22.048141710289432     
  0.19629683482161206        22.753545414469013     
  0.19865239683947153        23.478119964988974     
  0.20103622560154527        24.222093659217297     
  0.20344866030876391        24.985674805297990     
  0.20589004423246884        25.769049776392148     
  0.20836072476325856        26.572380983104001     
  0.21086105346041778        27.395804765546661     
  0.21339138610194253        28.239429207076871     
  0.21595208273516595        29.103331872354360     
  0.21854350772798806        29.987557473059205     
  0.22116602982072403        30.892115465325940     
  0.22382002217857244        31.816977583735540     
  0.22650586244471543        32.762075317536123     
  0.22922393279405212        33.727297335647528     
  0.23197461998758048        34.712486867936100     
  0.23475831542743153        35.717439051228858     
  0.23757541521256087        36.741898249563285     
  0.24042632019511170        37.785555359238444     
  0.24331143603745273        38.848045110343548     
  0.24623117326990232        39.928943377581838     
  0.24918594734914126        41.027764514382028     
  0.25217617871733067        42.143958725478903     
  0.25520229286193874        43.276909494354626     
  0.25826472037628218        44.425931083142594     
  0.26136389702079765        45.590266123800404     
  0.26450026378504693        46.769083320549335     
  0.26767426695046759        47.961475284734959     
  0.27088635815387335        49.166456524381424     
  0.27413699445171952        50.382961611766333     
  0.27742663838514031        51.609843553327387     
  0.28075575804576208        52.845872387101316     
  0.28412482714231091        54.089734033671355     
  0.28753432506801879        55.340029427249668     
  0.29098473696883514        56.595273954014850     
  0.29447655381246135        57.853897225145879     
  0.29801027245821049        59.114243212122233     
  0.30158639572770918        60.374570771767395     
  0.30520543247644183        61.633054588182461     
  0.30886789766615874        62.887786558120247     
  0.31257431243815281        64.136777645470900     
  0.31632520418741084        65.377960229346414     
  0.32012110663765991        66.609190968732989     
  0.32396255991731143        67.828254204828326     
  0.32785011063631936        69.032865919957487     
  0.33178431196395530        70.220678269369884     
  0.33576572370752239        71.389284699235944     
  0.33979491239201282        72.536225660791871     
  0.34387245134071720        73.658994926810379     
  0.34799892075680600        74.755046512410061     
  0.35217490780588717        75.821802197667850     
  0.35640100669955804        76.856659644569291     
  0.36067781877995292        77.857001095557308     
  0.36500595260531188        78.820202635318964     
  0.36938602403657583        79.743643991551806     
  0.37381865632501493        80.624718844280906     
  0.37830448020091528        81.460845606925304     
  0.38284413396332578        82.249478635785920     
  0.38743826357088590        82.988119818011072     
  0.39208752273373676        83.674330481458412     
  0.39679257300654108        84.305743563296389     
  0.40155408388261982        84.880075967753868     
  0.40637273288921144        85.395141037235419     
  0.41124920568388224        85.848861055145193     
  0.41618419615208824        86.239279693339327     
  0.42117840650591354        86.564574312223826     
  0.42623254738398469        86.823068017266451     
  0.43134733795259206        87.013241372177319     
  0.43652350600802331        87.133743666361838     
  0.44176178808011984        87.183403632542124     
  0.44706292953708149        87.161239509776053     
  0.45242768469152594        87.066468347574499     
  0.45785681690782448        86.898514448485486     
  0.46335109871071861        86.657016849452205     
  0.46891131189524665        86.341835746501530     
  0.47453824763798991        85.953057772916779     
  0.48023270660964601        85.491000048001368     
  0.48599549908896200        84.956212921829675     
  0.49182744507802895        84.349481350998687     
  0.49772937441896553        83.671824851252410     
  0.50370212691199334        82.924495984897334     
  0.50974655243493661        82.108977354032689     
  0.51586351106415618        81.226977084671532     
  0.52205387319692631        80.280422801665139     
  0.52831851967528964        79.271454109776656     
  0.53465834191139250        78.202413612107875     
  0.54107424201432952        77.075836513118674     
  0.54756713291850179        75.894438869487800     
  0.55413793851352311        74.661104567779191     
  0.56078759377568566        73.378871123070965     
  0.56751704490099419        72.050914407111790     
  0.57432724943980640        70.680532427935660     
  0.58121917643308330        69.271128294967951     
  0.58819380655028064        67.826192514246188     
  0.59525213222888429        66.349284767262318     
  0.60239515781563013        64.844015333911372     
  0.60962389970941799        63.314026324964836     
  0.61693938650593139        61.762972892238245     
  0.62434265914400178        60.194504585113961     
  0.63183477105373009        58.612247020267226     
  0.63941678830637516        57.019784027326232     
  0.64708978976605203        55.420640426811325     
  0.65485486724324393        53.818265588142474     
  0.66271312565016316        52.216017904898280     
  0.67066568315796549        50.617150312033445     
  0.67871367135586014        49.024796955617703     
  0.68685823541213087        47.441961110099555     
  0.69510053423707685        45.871504421388565     
  0.70344174064792209        44.316137536487922     
  0.71188304153569626        42.778412162307866     
  0.72042563803412496        41.260714577966446     
  0.72907074569053487        39.765260606663929     
  0.73781959463882030        38.294092035407814     
  0.74667342977448670        36.849074453782052     
  0.75563351093178088        35.431896466866611     
  0.76470111306296262        34.044070222584175     
  0.77387752641971730        32.686933180404445     
  0.78316405673675427        31.361651036653871     
  0.79256202541759568        30.069221711815750     
  0.80207276972260588        28.810480297257207     
  0.81169764295927749        27.586104852854035     
  0.82143801467478927        26.396622943014712     
  0.83129527085088728        25.242418796603395     
  0.84127081410109672        24.123740976165905     
  0.85136606387031033        23.040710443563881     
  0.86158245663675459        21.993328912487016     
  0.87192144611639455        20.981487383170677     
  0.88238450346979169        20.004974760813290     
  0.89297311751142971        19.063486466452851     
  0.90368879492156728        18.156632957207812     
  0.91453306046062488        17.283948081595856     
  0.92550745718615302        16.444897204882786     
  0.93661354667238739        15.638885048876892     
  0.94785290923245469        14.865263200053734     
  0.95922714414324473        14.123337249194611     
  0.97073786987296418        13.412373534666713     
  0.98238672431144025        12.731605469922808     
  0.99417536500317627        12.080239443627361     
   1.0061054693832148        11.457460287925368     
   1.0181787350158140        10.862436316690751     
   1.0303968798360024        10.294323941075913     
   1.0427616423940351        9.7522718743167971     
   1.0552747821027642        9.2354249415280023     
   1.0679380794879978        8.7429275131805717     
   1.0807533364418525        8.2739265831298994     
   1.0937223764791550        7.8275745135152572     
   1.1068470449969057        7.4030314696538531     
   1.1201292095368671        6.9994675682810694     
   1.1335707600513101        6.6160647622291160     
   1.1471736091719262        6.2520184839724875     
   1.1609396924819899        5.9065390694872759     
   1.1748709687917724        5.5788529826507638     
   1.1889694204172745        5.2682038590251468     
   1.2032370534622825        4.9738533863902221     
   1.2176758981038283        4.6950820378743883     
   1.2322880088810748        4.4311896720305688     
   1.2470754649876485        4.1814960127543781     
   1.2620403705674985        3.9453410205755426     
   1.2771848550143092        3.7220851655939580     
   1.2925110732744816        3.5111096111923059     
   1.3080212061537762        3.3118163166434722     
   1.3237174606276196        3.1236280658473197     
   1.3396020701551519        2.9459884181629556     
   1.3556772949970142        2.7783615182062555     
   1.3719454225369769        2.6202320411192495     
   1.3884087676074210        2.4711050049985128     
   1.4050696728187109        2.3305055146991029     
   1.4219305088925365        2.1979784619060116     
   1.4389936749992449        2.0730881865999402     
   1.4562615990992365        1.9554181036786080     
   1.4737367382884281        1.8445702983349781     
   1.4914215791478875        1.7401650936578841     
   1.5093186380976631        1.6418405938002087     
   1.5274304617548358        1.5492522059484366     
   1.5457596272958947        1.4620721442196614     
   1.5643087428234432        1.3799889177212206     
   1.5830804477373255        1.3027068110441486     
   1.6020774131101743        1.2299453454992759     
   1.6213023420674944        1.1614387431916207     
   1.6407579701723050        1.0969353833596260     
   1.6604470658143735        1.0361972569945777     
   1.6803724306041470       0.97899942197280032     
   1.7005368997713946       0.92512946078846681     
   1.7209433425686522       0.87438694282387330     
   1.7415946626794767       0.82658289293898068     
   1.7624937986316283       0.78153926800427054     
   1.7836437242152090       0.73908844284264541     
   1.8050474489057924       0.69907270688846856     
   1.8267080182926627       0.66134377271640743     
   1.8486285145121724       0.62576229744098100     
   1.8708120566863196       0.59219741784053070     
   1.8932618013665563       0.56052629991792835     
   1.9159809429829526       0.53063370347539796     
   1.9389727142987490       0.50241156215316407     
   1.9622403868703351       0.47575857926173931     
   1.9857872715127800       0.45057983962585080     
   2.0096167187709311       0.42678643755469131     
   2.0337321193961833       0.40429512095835951     
   2.0581369048289386       0.38302795154414621     
   2.0828345476868830       0.36291198094859056     
   2.1078285622591268       0.34387894259187685     
   2.1331225050062375       0.32586495897989104     
   2.1587199750663135       0.30881026412580070     
   2.1846246147671065       0.29265894071707321     
   2.2108401101443129       0.27735867161494798     
   2.2373701914660460       0.26286050524115662     
   2.2642186337636359       0.24911863438067239     
   2.2913892573688002       0.23609018790903522     
   2.3188859284572270       0.22373503493787777     
   2.3467125595987151       0.21201560086217716     
   2.3748731103138967       0.20089669478708763     
   2.4033715876376647       0.19034534781046705     
   2.4322120466893180       0.18033066163900657     
   2.4613985912495866       0.17082366702076598     
   2.4909353743445832       0.16179719148454597     
   2.5208265988367193       0.15322573588650101     
   2.5510765180227568       0.14508535927635527     
   2.5816894362390315       0.13735357160924713     
   2.6126697094739013       0.13000923384424179     
   2.6440217459875894       0.12303246498667335     
   2.6757500069394369       0.11640455564844962     
   2.7078590070227113       0.11010788771803097     
   2.7403533151069857       0.10412585974979581     
   2.7732375548882655        9.8442817700710325E-002
   2.8065164055469265        9.3043990660506504E-002
   2.8401946024134910        8.7915431239763822E-002
   2.8742769376424544        8.3043960298266842E-002
   2.9087682608941603        7.8417115713683469E-002
   2.9436734800248914        7.4023104907861723E-002
   2.9789975617851918        6.9850760864817216E-002
   3.0147455325266108        6.5889501390704958E-002
   3.0509224789169314        6.2129291381701306E-002
   3.0875335486639366        5.8560607880717562E-002
   3.1245839512479052        5.5174407718198239E-002
   3.1620789586628764        5.1962097545915985E-002
   3.2000239061668321        4.8915506085641457E-002
   3.2384241930408360        4.6026858426847464E-002
   3.2772852833573216        4.3288752219196619E-002
   3.3166127067576112        4.0694135616481358E-002
   3.3564120592387043        3.8236286838942618E-002
   3.3966890039495707        3.5908795230503783E-002
   3.4374492719969614        3.3705543696452754E-002
   3.4786986632609262        3.1620692415498801E-002
   3.5204430472200596        2.9648663727956236E-002
   3.5626883637866955        2.7784128109086929E-002
   3.6054406241521382        2.6021991143400328E-002
   3.6487059116419656        2.4357381421989066E-002
   3.6924903825816711        2.2785639290797875E-002
   3.7368002671726464        2.1302306383118388E-002
   3.7816418703787198        1.9903115874593459E-002
   3.8270215728232673        1.8583983403634631E-002
   3.8729458316971415        1.7340998604428760E-002
   3.9194211816775093        1.6170417203663107E-002
   3.9664542358576411        1.5068653635755146E-002
   4.0140516866879352        1.4032274134756132E-002
   4.0622203069281850        1.3057990264232192E-002
   4.1109669506113251        1.2142652849328429E-002
   4.1602985540186630        1.1283246277914707E-002
   4.2102221366668822        1.0476883140209342E-002
   4.2607448023068875        9.7207991786000952E-003
   4.3118737399345717        9.0123485215419206E-003
   4.3636162248137893        8.3489991774231102E-003
   4.4159796195115488        7.7283287661693324E-003
   4.4689713749456894        7.1480204681079011E-003
   4.5225990314450408        6.6058591712543826E-003
   4.5768702198223750        6.0997277997182665E-003
   4.6317926624602457        5.6276038073629969E-003
   4.6873741744097721        5.1875558222047972E-003
   4.7436226645026913        4.7777404283007472E-003
   4.8005461364767177        4.3963990730657189E-003
   4.8581526901144407        4.0418550890742042E-003
   4.9164505223958166        3.7125108204515717E-003
   4.9754479286645594        3.4068448449431033E-003
   5.0351533038085377        3.1234092836721051E-003
   5.0955751434542425        2.8608271914627634E-003
   5.1567220451756874        2.6177900214115761E-003
   5.2186027097177980        2.3930551581459254E-003
   5.2812259422344150        2.1854435149107404E-003
   5.3446006535412307        1.9938371902762883E-003
   5.4087358613837182        1.8171771808635241E-003
   5.4736406917203260        1.6544611470392075E-003
   5.5393243800209726        1.5047412290427656E-003
   5.6057962725812169        1.3671219114716642E-003
   5.6730658278521942        1.2407579344733590E-003
   5.7411426177864238        1.1248522503708534E-003
   5.8100363291998640        1.0186540247867043E-003
   5.8797567651502547        9.2145668162869616E-004
   5.9503138463320617        8.3259599156033210E-004
   6.0217176124880494        7.5144820380263595E-004
   6.0939782238378983        6.7742822130180565E-004
   6.1671059625239559        6.0998781945194400E-004
   6.2411112340742472        5.4861390868491072E-004
   6.3160045688831410        4.9282684133223514E-004
   6.3917966237097303        4.4217876322894900E-004
   6.4684981831942512        3.9625201056795470E-004
   6.5461201613925848        3.5465755252830883E-004
   6.6246736033292883        3.1703348019351926E-004
   6.7041696865692426        2.8304354224881792E-004
   6.7846197228080776        2.5237572790143801E-004
   6.8660351594817781        2.2474089740730192E-004
   6.9484275813955509        1.9987146051339384E-004
   7.0318087123723005        1.7752010303943505E-004
   7.1161904169207721        1.5745856172741553E-004
   7.2015847019238119        1.3947644738497795E-004
   7.2880037183469017        1.2338011624056690E-004
   7.3754597629670684        1.0899158931643147E-004
   7.4639652801226770        9.6147519511734466E-005
   7.5535328634841399        8.4698205973826287E-005
   7.6441752578459541        7.4506655222651846E-005
   7.7359053609401096        6.5447688382685922E-005
   7.8287362252713804        5.7407093769961781E-005
   7.9226810599746411        5.0280823979801680E-005
   8.0177532326943410        4.3974236524741676E-005
   8.1139662714866780        3.8401376982700557E-005
   8.2113338667445070        3.3484303533382450E-005
   8.3098698731454466        2.9152451686770941E-005
   8.4095883116231960        2.5342037941805960E-005
   8.5105033713626632        2.1995501056222075E-005
   8.6126294118190199        1.9060979560248844E-005
   8.7159809647608526        1.6491824107485709E-005
   8.8205727363379864        1.4246143225712654E-005
   8.9264196091740331        1.2286381008543052E-005
   9.0335366444841245        1.0578925275420482E-005
   9.1419390842179400        9.0937447221937682E-006
   9.2516423532285419        7.8040535869851607E-006
   9.3626620614672902        6.6860023658498739E-006
   9.4750140062049031        5.7183931293151980E-006
   9.5887141742793673        4.8824180137496886E-006
   9.7037787443707071        4.1614194900859652E-006
   9.8202240893031600        3.5406710461196646E-006
   9.9380667783748038        3.0071769568401868E-006
   10.057323579715288        2.5494898594186402E-006
   10.178011462671877        2.1575448949947996E-006
   10.300147600223944        1.8225092276880928E-006
   10.423749371426620        1.5366458017460205E-006
   10.548834363883746        1.2931902499011199E-006
   10.675420376250354        1.0862399193197333E-006
   10.803525420765364        9.1065403551774311E-007
   10.933167725814535        7.6196407884367139E-007
   11.064365738524316        6.3629350217961713E-007
   11.197138127386612        5.3028597201553169E-007
   11.331503784915238        4.4104136768052042E-007
   11.467481830334227        3.6605882497375538E-007
   11.605091612298244        3.0318616047297917E-007
   11.744352711645828        2.5057506119425498E-007
   11.885284944185564        2.0664147085275996E-007
   12.027908363515797        1.7003064858600441E-007
   12.172243263877993        1.3958641853592060E-007
   12.318310183044513        1.1432715502613829E-007
   12.466129905241054        9.3441760937651391E-008
   12.615723464103954        7.6211192680231370E-008
   12.767112145673208        6.2025666127902222E-008
   12.920317491421271        5.0371830182195452E-008
   13.075361301318331        4.0818419787946443E-008
   13.232265636934159        3.3003897189421792E-008
   13.391052824577351        2.6625828282435362E-008
   13.551745458472288        2.1431769932177277E-008
   13.714366403973964        1.7211470244514892E-008
   13.878938800821658        1.3790207236968592E-008
   14.045486066431499        1.1023112377386818E-008
   14.214031899228685        8.7903442532271800E-009
   14.384600282019436        6.9929943989476335E-009
   14.557215485403653        5.5496222272192586E-009
   14.731902071228502        4.3933292529765961E-009
   14.908684896083253        3.4692945271647924E-009
   15.087589114836259        2.7327035572449683E-009
   15.268640184214275        2.1470121207173570E-009
   15.451863866424855        1.6824944020405284E-009
   15.637286232821960        1.3150319180732416E-009
   15.824933667615806        1.0251058485402054E-009
   16.014832871627203        7.9696075283196247E-010
   16.207010866086737        6.1791232083535097E-010
   16.401494996479787        4.7777585346152680E-010
   16.598312936437523        3.6839567048919734E-010
   16.797492691674783        2.8325866457528051E-010
   16.999062603974892        2.1717781952433075E-010
   17.203051355222566        1.6603374078519417E-010
   17.409487971485245        1.2656415368473857E-010
   17.618401827143078        9.6192951995032009E-011
   17.829822649068802        7.2891763239489554E-011
   18.043780520857606        5.5068170569446450E-011
   18.260305887107908        4.1475723093748258E-011
   18.479429557753214        3.1141702716934693E-011
   18.701182712446229        2.3309318171440228E-011
   18.925596904995590        1.7391585515274241E-011
   19.152704067855549        1.2934645874652214E-011
   19.382536516669827        9.5886803518091233E-012
   19.615126954869840        7.0849215031189925E-012
   19.850508478328290        5.2175415671074102E-012
   20.088714580068238        3.8294290776731929E-012
   20.329779155029033        2.8010556647573489E-012
   20.573736504889393        2.0417905638788085E-012
   20.820621342948073        1.4831474345816128E-012
   21.070468799063423        1.0735514375276520E-012
   21.323314424652196        7.7429827963065053E-013
   21.579194197748034        5.5644458110264171E-013
   21.838144528121020        3.9842335398898909E-013
   22.100202262458449        2.8422203050404029E-013
   22.365404689607956        2.0199535155537285E-013
   22.633789545883268        1.4301318358023095E-013
   22.905395020433840        1.0086534444871890E-013
   23.180259760679057        7.0862910122923519E-014
   23.458422877807216        4.9589161070549572E-014
   23.739923952340916        3.4564058386445433E-014
   24.024803039768976        2.3994519969812907E-014
   24.313100676246219        1.6589286042550634E-014
   24.604857884361184        1.1422214042264816E-014
   24.900116178973487        7.8317403783082251E-015
   25.198917573121186        5.3472417868434158E-015
   25.501304583998650        3.6353214195938635E-015
   25.807320239006646        2.4607919606242335E-015
   26.117008081874694        1.6584540519856816E-015
   26.430412178857203        1.1127703568109455E-015
   26.747577125003506        7.4328956710213738E-016
   27.068548050503512        4.9423950840890099E-016
   27.393370627109569        3.2712977957182404E-016
   27.722091074634900        2.1551717526532443E-016
   28.054756167530535        1.4131835393297308E-016
   28.391413241540860        9.2224336047860081E-017
   28.732110200439369        5.9896010656331768E-017
   29.076895522844659        3.8710649840035678E-017
   29.425818269118757        2.4895321568366367E-017
   29.778928088348195        1.5930666141030777E-017
   30.136275225408390        1.0142685124945118E-017
   30.497910528113309        6.4246332502624234E-018
   30.863885454450628        4.0484929820466714E-018
   31.234252079904053        2.5378212523037898E-018
   31.609063104862916        1.5824276641002201E-018
   31.988371862121234        9.8141834710748646E-019
   32.372232324466708        6.0537415201418356E-019
   32.760699112360321        3.7136805010515278E-019
   33.153827501708662        2.2655171486616239E-019
   33.551673431729121        1.3743049403277481E-019
   33.954293512909892        8.2893815781508153E-020
   34.361745035064828        4.9711198286563337E-020
   34.774085975485562        2.9637977436878808E-020
   35.191375007191404        1.7566021709540629E-020
   35.613671507277722        1.0348939522022395E-020
   36.041035565365078        6.0601177670585394E-021
   36.473527992149407        3.5268849554496338E-021
   36.911210328055219        2.0397824997502974E-021
   37.354144851991897        1.1722162467380334E-021
   37.802394590215762        6.6926387118756265E-022
   38.256023325298365        3.7954361921670805E-022
   38.715095605201967        2.1372925576987073E-022
   39.179676752464417        1.1944976283633366E-022
   39.649832873493935        6.6199831015475910E-023
   40.125630867975886        3.6327341696122313E-023
   40.607138438391615        1.9685795625647494E-023
   41.094424099652265        1.0482452409234221E-023
   41.587557188848116        5.4332053148798680E-024
   42.086607875114311        2.6899675002144909E-024
   42.591647169615705        1.2217959042201368E-024
   43.102746935651034        4.6100243750392128E-025
   43.619979898878874        1.0356830414038584E-025
   44.143419657665440        0.0000000000000000     
