   1.6666666666666667E-005  0.26048138973758134     
   1.6866666666666669E-005  0.26048139414278793     
   1.7069066666666666E-005  0.26048139865366948     
   1.7273895466666667E-005  0.26048140327278552     
   1.7481182212266665E-005  0.26048140800275960     
   1.7690956398813869E-005  0.26048141284627729     
   1.7903247875599635E-005  0.26048141780609052     
   1.8118086850106830E-005  0.26048142288501647     
   1.8335503892308114E-005  0.26048142808594088     
   1.8555529939015811E-005  0.26048143341181901     
   1.8778196298284002E-005  0.26048143886567787     
   1.9003534653863409E-005  0.26048144445061699     
   1.9231577069709769E-005  0.26048145016981061     
   1.9462355994546288E-005  0.26048145602651007     
   1.9695904266480844E-005  0.26048146202404515     
   1.9932255117678615E-005  0.26048146816582596     
   2.0171442179090757E-005  0.26048147445534520     
   2.0413499485239847E-005  0.26048148089617906     
   2.0658461479062725E-005  0.26048148749199163     
   2.0906363016811479E-005  0.26048149424653466     
   2.1157239373013216E-005  0.26048150116365032     
   2.1411126245489373E-005  0.26048150824727390     
   2.1668059760435248E-005  0.26048151550143578     
   2.1928076477560471E-005  0.26048152293026366     
   2.2191213395291195E-005  0.26048153053798540     
   2.2457507956034692E-005  0.26048153832893062     
   2.2726998051507107E-005  0.26048154630753395     
   2.2999722028125193E-005  0.26048155447833710     
   2.3275718692462696E-005  0.26048156284599144     
   2.3555027316772248E-005  0.26048157141526029     
   2.3837687644573514E-005  0.26048158019102347     
   2.4123739896308399E-005  0.26048158917827713     
   2.4413224775064099E-005  0.26048159838213908     
   2.4706183472364868E-005  0.26048160780785151     
   2.5002657674033247E-005  0.26048161746078219     
   2.5302689566121644E-005  0.26048162734642938     
   2.5606321840915103E-005  0.26048163747042424     
   2.5913597703006088E-005  0.26048164783853434     
   2.6224560875442161E-005  0.26048165845666627     
   2.6539255605947467E-005  0.26048166933087052     
   2.6857726673218839E-005  0.26048168046734321     
   2.7180019393297461E-005  0.26048169187243025     
   2.7506179626017034E-005  0.26048170355263156     
   2.7836253781529238E-005  0.26048171551460447     
   2.8170288826907588E-005  0.26048172776516654     
   2.8508332292830481E-005  0.26048174031130089     
   2.8850432280344444E-005  0.26048175316015976     
   2.9196637467708580E-005  0.26048176631906855     
   2.9546997117321085E-005  0.26048177979553044     
   2.9901561082728934E-005  0.26048179359722901     
   3.0260379815721685E-005  0.26048180773203522     
   3.0623504373510345E-005  0.26048182220801014     
   3.0990986425992470E-005  0.26048183703340999     
   3.1362878263104375E-005  0.26048185221669107     
   3.1739232802261628E-005  0.26048186776651461     
   3.2120103595888769E-005  0.26048188369175168     
   3.2505544839039439E-005  0.26048190000148763     
   3.2895611377107905E-005  0.26048191670502852     
   3.3290358713633207E-005  0.26048193381190571     
   3.3689843018196804E-005  0.26048195133188184     
   3.4094121134415164E-005  0.26048196927495593     
   3.4503250588028150E-005  0.26048198765136982     
   3.4917289595084490E-005  0.26048200647161335     
   3.5336297070225504E-005  0.26048202574643003     
   3.5760332635068209E-005  0.26048204548682508     
   3.6189456626689025E-005  0.26048206570407018     
   3.6623730106209300E-005  0.26048208640970932     
   3.7063214867483812E-005  0.26048210761556773     
   3.7507973445893614E-005  0.26048212933375725     
   3.7958069127244339E-005  0.26048215157668336     
   3.8413565956771268E-005  0.26048217435705329     
   3.8874528748252526E-005  0.26048219768788150     
   3.9341023093231552E-005  0.26048222158249901     
   3.9813115370350338E-005  0.26048224605456000     
   4.0290872754794543E-005  0.26048227111805050     
   4.0774363227852072E-005  0.26048229678729640     
   4.1263655586586301E-005  0.26048232307697050     
   4.1758819453625333E-005  0.26048235000210224     
   4.2259925287068838E-005  0.26048237757808623     
   4.2767044390513664E-005  0.26048240582069165     
   4.3280248923199835E-005  0.26048243474607008     
   4.3799611910278231E-005  0.26048246437076633     
   4.4325207253201573E-005  0.26048249471172663     
   4.4857109740239988E-005  0.26048252578630926     
   4.5395395057122861E-005  0.26048255761229411     
   4.5940139797808343E-005  0.26048259020789427     
   4.6491421475382040E-005  0.26048262359176538     
   4.7049318533086622E-005  0.26048265778301694     
   4.7613910355483664E-005  0.26048269280122233     
   4.8185277279749481E-005  0.26048272866643279     
   4.8763500607106476E-005  0.26048276539918669     
   4.9348662614391743E-005  0.26048280302052196     
   4.9940846565764450E-005  0.26048284155198881     
   5.0540136724553622E-005  0.26048288101566286     
   5.1146618365248262E-005  0.26048292143415663     
   5.1760377785631248E-005  0.26048296283063310     
   5.2381502319058824E-005  0.26048300522882040     
   5.3010080346887525E-005  0.26048304865302468     
   5.3646201311050174E-005  0.26048309312814394     
   5.4289955726782784E-005  0.26048313867968276     
   5.4941435195504181E-005  0.26048318533376896     
   5.5600732417850222E-005  0.26048323311716631     
   5.6267941206864429E-005  0.26048328205729204     
   5.6943156501346808E-005  0.26048333218223207     
   5.7626474379362967E-005  0.26048338352075823     
   5.8317992071915318E-005  0.26048343610234392     
   5.9017807976778312E-005  0.26048348995718190     
   5.9726021672499641E-005  0.26048354511620286     
   6.0442733932569641E-005  0.26048360161109263     
   6.1168046739760480E-005  0.26048365947431068     
   6.1902063300637604E-005  0.26048371873911025     
   6.2644888060245247E-005  0.26048377943955697     
   6.3396626716968199E-005  0.26048384161054960     
   6.4157386237571822E-005  0.26048390528784038     
   6.4927274872422685E-005  0.26048397050805622     
   6.5706402170891747E-005  0.26048403730871922     
   6.6494878996942457E-005  0.26048410572827113     
   6.7292817544905762E-005  0.26048417580609395     
   6.8100331355444631E-005  0.26048424758253430     
   6.8917535331709969E-005  0.26048432109892722     
   6.9744545755690492E-005  0.26048439639761956     
   7.0581480304758769E-005  0.26048447352199661     
   7.1428458068415889E-005  0.26048455251650654     
   7.2285599565236885E-005  0.26048463342668859     
   7.3153026760019719E-005  0.26048471629919789     
   7.4030863081139958E-005  0.26048480118183487     
   7.4919233438113639E-005  0.26048488812357257     
   7.5818264239370996E-005  0.26048497717458696     
   7.6728083410243449E-005  0.26048506838628627     
   7.7648820411166383E-005  0.26048516181134018     
   7.8580606256100372E-005  0.26048525750371393     
   7.9523573531173580E-005  0.26048535551869861     
   8.0477856413547672E-005  0.26048545591294486     
   8.1443590690510230E-005  0.26048555874449669     
   8.2420913778796364E-005  0.26048566407282625     
   8.3409964744141915E-005  0.26048577195886874     
   8.4410884321071625E-005  0.26048588246505999     
   8.5423814932924472E-005  0.26048599565537323     
   8.6448900712119577E-005  0.26048611159535773     
   8.7486287520665028E-005  0.26048623035217744     
   8.8536122970912987E-005  0.26048635199465220     
   8.9598556446563948E-005  0.26048647659329854     
   9.0673739123922728E-005  0.26048660422037295     
   9.1761823993409791E-005  0.26048673494991414     
   9.2862965881330720E-005  0.26048686885778849     
   9.3977321471906697E-005  0.26048700602173502     
   9.5105049329569568E-005  0.26048714652141253     
   9.6246309921524398E-005  0.26048729043844787     
   9.7401265640582689E-005  0.26048743785648520     
   9.8570080828269696E-005  0.26048758886123613     
   9.9752921798208907E-005  0.26048774354053217     
   1.0094995685978742E-004  0.26048790198437621     
   1.0216135634210488E-004  0.26048806428499871     
   1.0338729261821013E-004  0.26048823053691267     
   1.0462794012962866E-004  0.26048840083697111     
   1.0588347541118422E-004  0.26048857528442487     
   1.0715407711611842E-004  0.26048875398098359     
   1.0843992604151185E-004  0.26048893703087622     
   1.0974120515401000E-004  0.26048912454091577     
   1.1105809961585812E-004  0.26048931662056235     
   1.1239079681124840E-004  0.26048951338198983     
   1.1373948637298340E-004  0.26048971494015438     
   1.1510436020945920E-004  0.26048992141286387     
   1.1648561253197270E-004  0.26049013292084927     
   1.1788343988235637E-004  0.26049034958783629     
   1.1929804116094467E-004  0.26049057154062261     
   1.2072961765487598E-004  0.26049079890915372     
   1.2217837306673451E-004  0.26049103182660077     
   1.2364451354353529E-004  0.26049127042944242     
   1.2512824770605772E-004  0.26049151485754612     
   1.2662978667853043E-004  0.26049176525425283     
   1.2814934411867280E-004  0.26049202176646408     
   1.2968713624809689E-004  0.26049228454473078     
   1.3124338188307406E-004  0.26049255374334290     
   1.3281830246567091E-004  0.26049282952042374     
   1.3441212209525897E-004  0.26049311203802439     
   1.3602506756040208E-004  0.26049340146222050     
   1.3765736837112691E-004  0.26049369796321331     
   1.3930925679158044E-004  0.26049400171543124     
   1.4098096787307945E-004  0.26049431289763397     
   1.4267273948755639E-004  0.26049463169301951     
   1.4438481236140702E-004  0.26049495828933372     
   1.4611743010974393E-004  0.26049529287898182     
   1.4787083927106086E-004  0.26049563565914352     
   1.4964528934231357E-004  0.26049598683188901     
   1.5144103281442136E-004  0.26049634660429971     
   1.5325832520819441E-004  0.26049671518859008     
   1.5509742511069278E-004  0.26049709280223216     
   1.5695859421202104E-004  0.26049747966808506     
   1.5884209734256529E-004  0.26049787601452407     
   1.6074820251067609E-004  0.26049828207557518     
   1.6267718094080424E-004  0.26049869809105070     
   1.6462930711209388E-004  0.26049912430668937     
   1.6660485879743905E-004  0.26049956097429777     
   1.6860411710300824E-004  0.26050000835189707     
   1.7062736650824434E-004  0.26050046670386945     
   1.7267489490634330E-004  0.26050093630111193     
   1.7474699364521942E-004  0.26050141742118921     
   1.7684395756896207E-004  0.26050191034849135     
   1.7896608505978964E-004  0.26050241537439567     
   1.8111367808050713E-004  0.26050293279742992     
   1.8328704221747314E-004  0.26050346292344162     
   1.8548648672408284E-004  0.26050400606576563     
   1.8771232456477182E-004  0.26050456254540078     
   1.8996487245954912E-004  0.26050513269118619     
   1.9224445092906373E-004  0.26050571683998236     
   1.9455138434021249E-004  0.26050631533685537     
   1.9688600095229500E-004  0.26050692853526330     
   1.9924863296372252E-004  0.26050755679724924     
   2.0163961655928723E-004  0.26050820049363432     
   2.0405929195799869E-004  0.26050886000421763     
   2.0650800346149468E-004  0.26050953571797675     
   2.0898609950303264E-004  0.26051022803327362     
   2.1149393269706904E-004  0.26051093735806385     
   2.1403185988943377E-004  0.26051166411010912     
   2.1660024220810701E-004  0.26051240871719378     
   2.1919944511460433E-004  0.26051317161734711     
   2.2182983845597958E-004  0.26051395325906496     
   2.2449179651745136E-004  0.26051475410154112     
   2.2718569807566078E-004  0.26051557461489683     
   2.2991192645256862E-004  0.26051641528041991     
   2.3267086956999948E-004  0.26051727659080359     
   2.3546292000483949E-004  0.26051815905039233     
   2.3828847504489756E-004  0.26051906317543067     
   2.4114793674543639E-004  0.26051998949431748     
   2.4404171198638163E-004  0.26052093854786434     
   2.4697021253021820E-004  0.26052191088955873     
   2.4993385508058076E-004  0.26052290708583026     
   2.5293306134154773E-004  0.26052392771632621     
   2.5596825807764636E-004  0.26052497337418812     
   2.5903987717457812E-004  0.26052604466633505     
   2.6214835570067310E-004  0.26052714221375478     
   2.6529413596908117E-004  0.26052826665179485     
   2.6847766560071017E-004  0.26052941863046614     
   2.7169939758791862E-004  0.26053059881474749     
   2.7495979035897360E-004  0.26053180788490032     
   2.7825930784328135E-004  0.26053304653678816     
   2.8159841953740073E-004  0.26053431548220413     
   2.8497760057184958E-004  0.26053561544920356     
   2.8839733177871179E-004  0.26053694718244691     
   2.9185809976005621E-004  0.26053831144354767     
   2.9536039695717692E-004  0.26053970901143175     
   2.9890472172066306E-004  0.26054114068270362     
   3.0249157838131105E-004  0.26054260727202100     
   3.0612147732188684E-004  0.26054410961248031     
   3.0979493504974950E-004  0.26054564855601153     
   3.1351247427034652E-004  0.26054722497378147     
   3.1727462396159055E-004  0.26054883975661058     
   3.2108191944912965E-004  0.26055049381539924     
   3.2493490248251919E-004  0.26055218808156555     
   3.2883412131230944E-004  0.26055392350749607     
   3.3278013076805721E-004  0.26055570106700826     
   3.3677349233727393E-004  0.26055752175582630     
   3.4081477424532112E-004  0.26055938659207128     
   3.4490455153626500E-004  0.26056129661676380     
   3.4904340615470015E-004  0.26056325289434235     
   3.5323192702855659E-004  0.26056525651319629     
   3.5747071015289930E-004  0.26056730858621580     
   3.6176035867473415E-004  0.26056941025135527     
   3.6610148297883100E-004  0.26057156267221820     
   3.7049470077457679E-004  0.26057376703865398     
   3.7494063718387173E-004  0.26057602456737600     
   3.7943992483007827E-004  0.26057833650259882     
   3.8399320392803923E-004  0.26058070411669010     
   3.8860112237517572E-004  0.26058312871084799     
   3.9326433584367784E-004  0.26058561161579263     
   3.9798350787380185E-004  0.26058815419248421     
   4.0275930996828751E-004  0.26059075783285673     
   4.0759242168790700E-004  0.26059342396057933     
   4.1248353074816189E-004  0.26059615403183306     
   4.1743333311713987E-004  0.26059894953611679     
   4.2244253311454554E-004  0.26060181199707422     
   4.2751184351192014E-004  0.26060474297334468     
   4.3264198563406308E-004  0.26060774405943732     
   4.3783368946167183E-004  0.26061081688663396     
   4.4308769373521190E-004  0.26061396312391305     
   4.4840474606003456E-004  0.26061718447890442     
   4.5378560301275497E-004  0.26062048269886806     
   4.5923103024890808E-004  0.26062385957170020     
   4.6474180261189477E-004  0.26062731692696900     
   4.7031870424323757E-004  0.26063085663697610     
   4.7596252869415646E-004  0.26063448061785088     
   4.8167407903848634E-004  0.26063819083067091     
   4.8745416798694826E-004  0.26064198928261395     
   4.9330361800279169E-004  0.26064587802814104     
   4.9922326141882520E-004  0.26064985917021138     
   5.0521394055585088E-004  0.26065393486152738     
   5.1127650784252114E-004  0.26065810730581296     
   5.1741182593663144E-004  0.26066237875912751     
   5.2362076784787104E-004  0.26066675153120994     
   5.2990421706204552E-004  0.26067122798685960     
   5.3626306766679018E-004  0.26067581054735162     
   5.4269822447879166E-004  0.26068050169188739     
   5.4921060317253694E-004  0.26068530395908424     
   5.5580113041060742E-004  0.26069021994849800     
   5.6247074397553474E-004  0.26069525232218732     
   5.6922039290324136E-004  0.26070040380631498     
   5.7605103761808015E-004  0.26070567719278775     
   5.8296365006949718E-004  0.26071107534093840     
   5.8995921387033098E-004  0.26071660117924761     
   5.9703872443677504E-004  0.26072225770710644     
   6.0420318913001632E-004  0.26072804799662341     
   6.1145362739957660E-004  0.26073397519447444     
   6.1879107092837162E-004  0.26074004252379596     
   6.2621656377951198E-004  0.26074625328612377     
   6.3373116254486625E-004  0.26075261086337864     
   6.4133593649540438E-004  0.26075911871989832     
   6.4903196773334929E-004  0.26076578040451709     
   6.5682035134614956E-004  0.26077259955269583     
   6.6470219556230331E-004  0.26077957988870021     
   6.7267862190905118E-004  0.26078672522783075     
   6.8075076537195975E-004  0.26079403947870500     
   6.8891977455642298E-004  0.26080152664559264     
   6.9718681185110016E-004  0.26080919083080517     
   7.0555305359331342E-004  0.26081703623714231     
   7.1401969023643320E-004  0.26082506717039206     
   7.2258792651927050E-004  0.26083328804189193     
   7.3125898163750179E-004  0.26084170337114754     
   7.4003408941715183E-004  0.26085031778851125     
   7.4891449849015740E-004  0.26085913603792577     
   7.5790147247203942E-004  0.26086816297972704     
   7.6699629014170389E-004  0.26087740359351513     
   7.7620024562340432E-004  0.26088686298108832     
   7.8551464857088533E-004  0.26089654636944815     
   7.9494082435373594E-004  0.26090645911387061     
   8.0448011424598051E-004  0.26091660670105110     
   8.1413387561693235E-004  0.26092699475231801     
   8.2390348212433564E-004  0.26093762902692536     
   8.3379032390982772E-004  0.26094851542541764     
   8.4379580779674578E-004  0.26095965999307397     
   8.5392135749030678E-004  0.26097106892343142     
   8.6416841378019046E-004  0.26098274856188991     
   8.7453843474555239E-004  0.26099470540940051     
   8.8503289596249919E-004  0.26100694612623931     
   8.9565329071404924E-004  0.26101947753587040     
   9.0640113020261793E-004  0.26103230662889515     
   9.1727794376504895E-004  0.26104544056709650     
   9.2828527909023003E-004  0.26105888668757493     
   9.3942470243931246E-004  0.26107265250698308     
   9.5069779886858459E-004  0.26108674572585816     
   9.6210617245500731E-004  0.26110117423305690     
   9.7365144652446797E-004  0.26111594611029054     
   9.8533526388276107E-004  0.26113106963677241     
   9.9715928704935397E-004  0.26114655329396824     
   1.0091251984939468E-003  0.26116240577046229     
   1.0212347008758738E-003  0.26117863596693802     
   1.0334895172863848E-003  0.26119525300127239     
   1.0458913914938211E-003  0.26121226621375698     
   1.0584420881917466E-003  0.26122968517243528     
   1.0711433932500479E-003  0.26124751967857268     
   1.0839971139690481E-003  0.26126577977225318     
   1.0970050793366773E-003  0.26128447573810815     
   1.1101691402887171E-003  0.26130361811118580     
   1.1234911699721821E-003  0.26132321768295352     
   1.1369730640118478E-003  0.26134328550745117     
   1.1506167407799898E-003  0.26136383290758569     
   1.1644241416693501E-003  0.26138487148157818     
   1.1783972313693819E-003  0.26140641310956592     
   1.1925379981458154E-003  0.26142846996036162     
   1.2068484541235647E-003  0.26145105449837547     
   1.2213306355730478E-003  0.26147417949070267     
   1.2359866031999239E-003  0.26149785801438274     
   1.2508184424383226E-003  0.26152210346383181     
   1.2658282637475831E-003  0.26154692955845471     
   1.2810182029125538E-003  0.26157235035044202     
   1.2963904213475050E-003  0.26159838023275117     
   1.3119471064036749E-003  0.26162503394728553     
   1.3276904716805194E-003  0.26165232659326676     
   1.3436227573406852E-003  0.26168027363581142     
   1.3597462304287729E-003  0.26170889091471400     
   1.3760631851939189E-003  0.26173819465344494     
   1.3925759434162454E-003  0.26176820146836327     
   1.4092868547372413E-003  0.26179892837815322     
   1.4261982969940876E-003  0.26183039281349185     
   1.4433126765580173E-003  0.26186261262694727     
   1.4606324286767130E-003  0.26189560610312107     
   1.4781600178208330E-003  0.26192939196903164     
   1.4958979380346837E-003  0.26196398940475435     
   1.5138487132910993E-003  0.26199941805431731     
   1.5320148978505935E-003  0.26203569803686100     
   1.5503990766248001E-003  0.26207284995807079     
   1.5690038655442968E-003  0.26211089492188638     
   1.5878319119308293E-003  0.26214985454249373     
   1.6068858948739986E-003  0.26218975095661162     
   1.6261685256124877E-003  0.26223060683607352     
   1.6456825479198368E-003  0.26227244540071681     
   1.6654307384948758E-003  0.26231529043158330     
   1.6854159073568136E-003  0.26235916628444383     
   1.7056408982450946E-003  0.26240409790364744     
   1.7261085890240366E-003  0.26245011083630942     
   1.7468218920923245E-003  0.26249723124684327     
   1.7677837547974333E-003  0.26254548593184468     
   1.7889971598550019E-003  0.26259490233534094     
   1.8104651257732629E-003  0.26264550856440472     
   1.8321907072825414E-003  0.26269733340515311     
   1.8541769957699313E-003  0.26275040633912983     
   1.8764271197191714E-003  0.26280475756009042     
   1.8989442451558007E-003  0.26286041799119220     
   1.9217315760976714E-003  0.26291741930260104     
   1.9447923550108426E-003  0.26297579392953019     
   1.9681298632709741E-003  0.26303557509071018     
   1.9917474216302250E-003  0.26309679680731513     
   2.0156483906897866E-003  0.26315949392234106     
   2.0398361713780651E-003  0.26322370212046131     
   2.0643142054346014E-003  0.26328945794836089     
   2.0890859758998176E-003  0.26335679883556384     
   2.1141550076106148E-003  0.26342576311576943     
   2.1395248677019410E-003  0.26349639004870318     
   2.1651991661143653E-003  0.26356871984250035     
   2.1911815561077371E-003  0.26364279367663296     
   2.2174757347810316E-003  0.26371865372539344     
   2.2440854435984026E-003  0.26379634318194756     
   2.2710144689215847E-003  0.26387590628297131     
   2.2982666425486430E-003  0.26395738833388899     
   2.3258458422592255E-003  0.26404083573472059     
   2.3537559923663379E-003  0.26412629600655790     
   2.3820010642747330E-003  0.26421381781868492     
   2.4105850770460308E-003  0.26430345101635472     
   2.4395120979705822E-003  0.26439524664924408     
   2.4687862431462307E-003  0.26448925700059400     
   2.4984116780639846E-003  0.26458553561706472     
   2.5283926182007514E-003  0.26468413733931007     
   2.5587333296191619E-003  0.26478511833329743     
   2.5894381295745910E-003  0.26488853612238800     
   2.6205113871294872E-003  0.26499444962019636     
   2.6519575237750402E-003  0.26510291916424827     
   2.6837810140603420E-003  0.26521400655045546     
   2.7159863862290649E-003  0.26532777506843153     
   2.7485782228638131E-003  0.26544428953766080     
   2.7815611615381805E-003  0.26556361634455039     
   2.8149398954766375E-003  0.26568582348038244     
   2.8487191742223583E-003  0.26581098058018621     
   2.8829038043130255E-003  0.26593915896255943     
   2.9174986499647835E-003  0.26607043167045463     
   2.9525086337643595E-003  0.26620487351295918     
   2.9879387373695312E-003  0.26634256110808918     
   3.0237940022179669E-003  0.26648357292662672     
   3.0600795302445816E-003  0.26662798933702458     
   3.0968004846075180E-003  0.26677589265139939     
   3.1339620904228074E-003  0.26692736717264887     
   3.1715696355078798E-003  0.26708249924271171     
   3.2096284711339760E-003  0.26724137729200492     
   3.2481440127875823E-003  0.26740409189006586     
   3.2871217409410351E-003  0.26757073579742363     
   3.3265672018323264E-003  0.26774140401873747     
   3.3664860082543158E-003  0.26791619385722848     
   3.4068838403533666E-003  0.26809520497043760     
   3.4477664464376057E-003  0.26827853942734253     
   3.4891396437948586E-003  0.26846630176686676     
   3.5310093195203957E-003  0.26865859905781647     
   3.5733814313546426E-003  0.26885554096027658     
   3.6162620085308968E-003  0.26905723978850776     
   3.6596571526332699E-003  0.26926381057537524     
   3.7035730384648675E-003  0.26947537113835124     
   3.7480159149264444E-003  0.26969204214712911     
   3.7929921059055636E-003  0.26991394719288569     
   3.8385080111764292E-003  0.27014121285923981     
   3.8845701073105484E-003  0.27037396879493863     
   3.9311849485982736E-003  0.27061234778832649     
   3.9783591679814550E-003  0.27085648584362670     
   4.0260994779972312E-003  0.27110652225909576     
   4.0744126717331955E-003  0.27136259970708387     
   4.1233056237939963E-003  0.27162486431605543     
   4.1727852912795231E-003  0.27189346575461898     
   4.2228587147748794E-003  0.27216855731760958     
   4.2735330193521765E-003  0.27245029601428405     
   4.3248154155844046E-003  0.27273884265867160     
   4.3767132005714162E-003  0.27303436196214492     
   4.4292337589782712E-003  0.27333702262825166     
   4.4823845640860130E-003  0.27364699744987964     
   4.5361731788550429E-003  0.27396446340880160     
   4.5906072570013065E-003  0.27428960177766121     
   4.6456945440853199E-003  0.27462259822446627     
   4.7014428786143420E-003  0.27496364291964465     
   4.7578601931577173E-003  0.27531293064573242     
   4.8149545154756073E-003  0.27567066090975789     
   4.8727339696613180E-003  0.27603703805838548     
   4.9312067772972522E-003  0.27641227139589891     
   4.9903812586248215E-003  0.27679657530507934     
   5.0502658337283172E-003  0.27719016937106622     
   5.1108690237330560E-003  0.27759327850826460     
   5.1721994520178552E-003  0.27800613309038141     
   5.2342658454420671E-003  0.27842896908366987     
   5.2970770355873749E-003  0.27886202818345512     
   5.3606419600144214E-003  0.27930555795403439     
   5.4249696635345970E-003  0.27975981197202693     
   5.4900692994970107E-003  0.28022504997326936     
   5.5559501310909728E-003  0.28070153800333864     
   5.6226215326640669E-003  0.28118954857179862     
   5.6900929910560340E-003  0.28168936081026352     
   5.7583741069487087E-003  0.28220126063437251     
   5.8274745962320915E-003  0.28272554090978136     
   5.8974042913868792E-003  0.28326250162226230     
   5.9681731428835203E-003  0.28381245005202843     
   6.0397912205981197E-003  0.28437570095238007     
   6.1122687152453002E-003  0.28495257673278834     
   6.1856159398282415E-003  0.28554340764653086     
   6.2598433311061843E-003  0.28614853198298862     
   6.3349614510794560E-003  0.28676829626473044     
   6.4109809884924070E-003  0.28740305544950373     
   6.4879127603543196E-003  0.28805317313725742     
   6.5657677134785698E-003  0.28871902178232850     
   6.6445569260403150E-003  0.28940098291092142     
   6.7242916091527971E-003  0.29009944734401799     
   6.8049831084626335E-003  0.29081481542585841     
   6.8866429057641825E-003  0.29154749725813744     
   6.9692826206333497E-003  0.29229791294006108     
   7.0529140120809538E-003  0.29306649281441483     
   7.1375489802259235E-003  0.29385367771980481     
   7.2231995679886384E-003  0.29465991924922591     
   7.3098779628044995E-003  0.29548568001512215     
   7.3975964983581570E-003  0.29633143392111200     
   7.4863676563384522E-003  0.29719766644054790     
   7.5762040682145109E-003  0.29808487490209129     
   7.6671185170330888E-003  0.29899356878248307     
   7.7591239392374835E-003  0.29992427000670452     
   7.8522334265083375E-003  0.30087751325571355     
   7.9464602276264340E-003  0.30185384628196443     
   8.0418177503579543E-003  0.30285383023290602     
   8.1383195633622490E-003  0.30387803998268204     
   8.2359793981225931E-003  0.30492706447223294     
   8.3348111509000677E-003  0.30600150705803808     
   8.4348288847108654E-003  0.30710198586971854     
   8.5360468313273995E-003  0.30822913417673448     
   8.6384793933033267E-003  0.30938360076442623     
   8.7421411460229699E-003  0.31056605031964085     
   8.8470468397752432E-003  0.31177716382620646     
   8.9532114018525417E-003  0.31301763897051177     
   9.0606499386747773E-003  0.31428819055746621     
   9.1693777379388726E-003  0.31558955093712160     
   9.2794102707941424E-003  0.31692247044223382     
   9.3907631940436682E-003  0.31828771783706977     
   9.5034523523721895E-003  0.31968608077775784     
   9.6174937806006600E-003  0.32111836628449486     
   9.7329037059678651E-003  0.32258540122593726     
   9.8496985504394844E-003  0.32408803281609749     
   9.9678949330447558E-003  0.32562712912410269     
   1.0087509672241297E-002  0.32720357959714919     
   1.0208559788308189E-002  0.32881829559703085     
   1.0331062505767883E-002  0.33047221095060242     
   1.0455035255837103E-002  0.33216628251456926     
   1.0580495678907146E-002  0.33390149075499753     
   1.0707461627054035E-002  0.33567884034194789     
   1.0835951166578681E-002  0.33749936075966031     
   1.0965982580577630E-002  0.33936410693271402     
   1.1097574371544558E-002  0.34127415986861592     
   1.1230745264003089E-002  0.34323062731727150     
   1.1365514207171133E-002  0.34523464444781526     
   1.1501900377657180E-002  0.34728737454328756     
   1.1639923182189073E-002  0.34939000971365630     
   1.1779602260375338E-002  0.35154377162771222     
   1.1920957487499847E-002  0.35374991226436331     
   1.2064008977349843E-002  0.35600971468388504     
   1.2208777085078035E-002  0.35832449381969000     
   1.2355282410098979E-002  0.36069559729121148     
   1.2503545799020160E-002  0.36312440623849684     
   1.2653588348608410E-002  0.36561233617914241     
   1.2805431408791706E-002  0.36816083788820919     
   1.2959096585697202E-002  0.37077139830178529     
   1.3114605744725576E-002  0.37344554144488074     
   1.3271981013662278E-002  0.37618482938436326     
   1.3431244785826232E-002  0.37899086320766101     
   1.3592419723256142E-002  0.38186528402799547     
   1.3755528759935222E-002  0.38480977401690880     
   1.3920595105054440E-002  0.38782605746490401     
   1.4087642246315089E-002  0.39091590187101660     
   1.4256693953270876E-002  0.39408111906217907     
   1.4427774280710123E-002  0.39732356634326566     
   1.4600907572078652E-002  0.40064514767872422     
   1.4776118462943589E-002  0.40404781490674602     
   1.4953431884498920E-002  0.40753356898694543     
   1.5132873067112902E-002  0.41110446128255973     
   1.5314467543918251E-002  0.41476259487820782     
   1.5498241154445279E-002  0.41851012593428638     
   1.5684220048298617E-002  0.42234926507911369     
   1.5872430688878208E-002  0.42628227883997349     
   1.6062899857144739E-002  0.43031149111424599     
   1.6255654655430486E-002  0.43443928468185178     
   1.6450722511295646E-002  0.43866810276028878     
   1.6648131181431186E-002  0.44300045060356213     
   1.6847908755608369E-002  0.44743889714637758     
   1.7050083660675664E-002  0.45198607669499974     
   1.7254684664603781E-002  0.45664469066622337     
   1.7461740880579023E-002  0.46141750937597292     
   1.7671281771145977E-002  0.46630737387907029     
   1.7883337152399720E-002  0.47131719786179699     
   1.8097937198228511E-002  0.47644996958890135     
   1.8315112444607266E-002  0.48170875390678336     
   1.8534893793942544E-002  0.48709669430463831     
   1.8757312519469865E-002  0.49261701503540023     
   1.8982400269703496E-002  0.49827302329840573     
   1.9210189072939931E-002  0.50406811148574282     
   1.9440711341815218E-002  0.51000575949434435     
   1.9673999877916997E-002  0.51608953710594252     
   1.9910087876452012E-002  0.52232310643706992     
   2.0149008930969426E-002  0.52871022446139704     
   2.0390797038141072E-002  0.53525474560674302     
   2.0635486602598754E-002  0.54196062442921056     
   2.0883112441829933E-002  0.54883191836695755     
   2.1133709791131907E-002  0.55587279057623151     
   2.1387314308625477E-002  0.56308751285236869     
   2.1643962080328996E-002  0.57048046863855861     
   2.1903689625292936E-002  0.57805615612529826     
   2.2166533900796464E-002  0.58581919144352279     
   2.2432532307606012E-002  0.59377431195455588     
   2.2701722695297279E-002  0.60192637964009221     
   2.2974143367640858E-002  0.61028038459557410     
   2.3249833088052538E-002  0.61884144863043433     
   2.3528831085109180E-002  0.62761482897878185     
   2.3811177058130482E-002  0.63660592212428357     
   2.4096911182828057E-002  0.64582026774308254     
   2.4386074117021986E-002  0.65526355276876735     
   2.4678707006426243E-002  0.66494161558352960     
   2.4974851490503373E-002  0.67486045033981634     
   2.5274549708389400E-002  0.68502621141693154     
   2.5577844304890088E-002  0.69544521801719095     
   2.5884778436548760E-002  0.70612395890643331     
   2.6195395777787359E-002  0.71706909730382706     
   2.6509740527120799E-002  0.72828747592612963     
   2.6827857413446236E-002  0.73978612219170670     
   2.7149791702407604E-002  0.75157225358984581     
   2.7475589202836485E-002  0.76365328322108128     
   2.7805296273270538E-002  0.77603682551444386     
   2.8138959828549776E-002  0.78873070212780116     
   2.8476627346492363E-002  0.80174294803762691     
   2.8818346874650288E-002  0.81508181782482247     
   2.9164167037146079E-002  0.82875579216340600     
   2.9514137041591847E-002  0.84277358451915030     
   2.9868306686090938E-002  0.85714414806551575     
   3.0226726366324046E-002  0.87187668282446684     
   3.0589447082719923E-002  0.88698064304005630     
   3.0956520447712552E-002  0.90246574479291086     
   3.1327998693085120E-002  0.91834197386409322     
   3.1703934677402124E-002  0.93461959385705984     
   3.2084381893530967E-002  0.95130915458678489     
   3.2469394476253327E-002  0.96842150074542444     
   3.2859027209968382E-002  0.98596778085422843     
   3.3253335536487995E-002   1.0039594565117518     
   3.3652375562925836E-002   1.0224083119487648     
   3.4056204069680969E-002   1.0413264639006254     
   3.4464878518517122E-002   1.0607263718082602     
   3.4878457060739353E-002   1.0806208483592452     
   3.5296998545468208E-002   1.1010230703809532     
   3.5720562528013845E-002   1.1219465900980439     
   3.6149209278349997E-002   1.1434053467670766     
   3.6582999789690186E-002   1.1654136787013829     
   3.7021995787166487E-002   1.1879863356998548     
   3.7466259736612467E-002   1.2111384918936803     
   3.7915854853451843E-002   1.2348857590255728     
   3.8370845111693253E-002   1.2592442001765072     
   3.8831295253033554E-002   1.2842303439554397     
   3.9297270796069976E-002   1.3098611991680240     
   3.9768838045622798E-002   1.3361542699808209     
   4.0246064102170298E-002   1.3631275715980098     
   4.0729016871396323E-002   1.3907996464681804     
   4.1217765073853101E-002   1.4191895810392763     
   4.1712378254739321E-002   1.4483170230803486     
   4.2212926793796179E-002   1.4782021995893229     
   4.2719481915321759E-002   1.5088659353065412     
   4.3232115698305602E-002   1.5403296718544437     
   4.3750901086685293E-002   1.5726154875242975     
   4.4275911899725497E-002   1.6057461177315291     
   4.4807222842522226E-002   1.6397449761617258     
   4.5344909516632483E-002   1.6746361766300724     
   4.5889048430832045E-002   1.7104445556774766     
   4.6439717012002064E-002   1.7471956959273534     
   4.6996993616146066E-002   1.7849159502275553     
   4.7560957539539844E-002   1.8236324666025350     
   4.8131689030014302E-002   1.8633732140415458     
   4.8709269298374505E-002   1.9041670091490410     
   4.9293780529954978E-002   1.9460435436842949     
   4.9885305896314465E-002   1.9890334130175749     
   5.0483929567070172E-002   2.0331681455309467     
   5.1089736721875043E-002   2.0784802329922085     
   5.1702813562537572E-002   2.1250031619310605     
   5.2323247325288050E-002   2.1727714460469842     
   5.2951126293191438E-002   2.2218206596789400     
   5.3586539808709761E-002   2.2721874723672344     
   5.4229578286414309E-002   2.3239096845385103     
   5.4880333225851209E-002   2.3770262643449414     
   5.5538897224561457E-002   2.4315773856891929     
   5.6205363991256217E-002   2.4876044674669120     
   5.6879828359151327E-002   2.5451502140586215     
   5.7562386299461067E-002   2.6042586571031219     
   5.8253134935054636E-002   2.6649751985844743     
   5.8952172554275317E-002   2.7273466552646930     
   5.9659598624926549E-002   2.7914213044939991     
   6.0375513808425700E-002   2.8572489314303811     
   6.1100019974126833E-002   2.9248808776998731     
   6.1833220213816389E-002   2.9943700915283564     
   6.2575218856382106E-002   3.0657711793752593     
   6.3326121482658732E-002   3.1391404590986691     
   6.4086034940450676E-002   3.2145360146805730     
   6.4855067359735993E-002   3.2920177525397181     
   6.5633328168052868E-002   3.3716474594584041     
   6.6420928106069532E-002   3.4534888621481925     
   6.7217979243342288E-002   3.5376076884774568     
   6.8024594994262430E-002   3.6240717303820906     
   6.8840890134193602E-002   3.7129509084784615     
   6.9666980815803969E-002   3.8043173383949775     
   7.0502984585593523E-002   3.8982453988361532     
   7.1349020400620689E-002   3.9948118013897407     
   7.2205208645428176E-002   4.0940956620842082     
   7.3071671149173220E-002   4.1961785746998270     
   7.3948531202963338E-002   4.3011446858324387     
   7.4835913577398938E-002   4.4090807717044882     
   7.5733944540327766E-002   4.5200763167124149     
   7.6642751874811607E-002   4.6342235936940721     
   7.7562464897309391E-002   4.7516177458935616     
   7.8493214476077128E-002   4.8723568705942073     
   7.9435133049789955E-002   4.9965421043827725     
   8.0388354646387480E-002   5.1242777100001247     
   8.1353014902144166E-002   5.2556711647249053     
   8.2329251080969945E-002   5.3908332502269589     
   8.3317202093941486E-002   5.5298781438171423     
   8.4317008519068828E-002   5.6729235110089373     
   8.5328812621297698E-002   5.8200905992953178     
   8.6352758372753163E-002   5.9715043330308344     
   8.7388991473226249E-002   6.1272934092953122     
   8.8437659370904989E-002   6.2875903946001026     
   8.9498911283355909E-002   6.4525318222813528     
   9.0572898218756068E-002   6.6222582904074532     
   9.1659772997381192E-002   6.7969145600084815     
   9.2759690273349807E-002   6.9766496534157305     
   9.3872806556629884E-002   7.1616169524769200     
   9.4999280235309499E-002   7.3519742963899013     
   9.6139271598133264E-002   7.5478840788724257     
   9.7292942857310910E-002   7.7495133443587072     
   9.8460458171598528E-002   7.9570338828851961     
   9.9641983669657749E-002   8.1706223232971187     
  0.10083768747369369        8.3904602243753317     
  0.10204773972337790        8.6167341634476564     
  0.10327231260005849        8.8496358220125710     
  0.10451158035125925        9.0893620678638190     
  0.10576571931547440        9.3361150331624092     
  0.10703490794725996        9.5901021878590154     
  0.10831932684262714        9.8515364078223637     
  0.10961915876473872        10.120636036980404     
  0.11093458866991544        10.397624942727964     
  0.11226580373395449        10.682732563800434     
  0.11361299337876200        10.976193949754554     
  0.11497634929930721        11.278249791136348     
  0.11635606549089876        11.589146439352907     
  0.11775233827678960        11.909135915197403     
  0.11916536633611113        12.238475904907522     
  0.12059535073214432        12.577429742564222     
  0.12204249494093013        12.926266377563095     
  0.12350700488022134        13.285260325812359     
  0.12498908893878406        13.654691603230683     
  0.12648895800604931        14.034845640036126     
  0.12800682550212197        14.426013174232358     
  0.12954290740814750        14.828490122612635     
  0.13109742229704510        15.242577427514217     
  0.13267059136460971        15.668580877468393     
  0.13426263846098510        16.106810899803794     
  0.13587379012251677        16.557582323172163     
  0.13750427560398704        17.021214107881143     
  0.13915432691123494        17.498029041834581     
  0.14082417883416984        17.988353399800243     
  0.14251406898017971        18.492516563649346     
  0.14422423780794191        19.010850601141815     
  0.14595492866163731        19.543689800767556     
  0.14770638780557677        20.091370160098762     
  0.14947886445924377        20.654228825062667     
  0.15127261083275478        21.232603477511027     
  0.15308788216274791        21.826831668440011     
  0.15492493674870070        22.437250094209919     
  0.15678403598968518        23.064193813123417     
  0.15866544442156150        23.707995399751766     
  0.16056942975462002        24.368984034446576     
  0.16249626291167554        25.047484525548104     
  0.16444621806661575        25.743816261897909     
  0.16641957268341523        26.458292093383943     
  0.16841660755561599        27.191217137398873     
  0.17043760684628348        27.942887509269365     
  0.17248285812843897        28.713588974925504     
  0.17455265242598000        29.503595524319206     
  0.17664728425509188        30.313167864375469     
  0.17876705166615306        31.142551830567236     
  0.18091225628614699        31.991976716544986     
  0.18308320336158054        32.861653521627638     
  0.18528020180191959        33.751773116369662     
  0.18750356422354272        34.662504326864067     
  0.18975360699422500        35.593991938914627     
  0.19203065027815580        36.546354623724859     
  0.19433501808149378        37.519682787294435     
  0.19666703829847179        38.514036346290766     
  0.19902704275805322        39.529442433778591     
  0.20141536727114995        40.565893038834744     
  0.20383235167840386        41.623342584760607     
  0.20627833989854444        42.701705451321637     
  0.20875367997732708        43.800853447201867     
  0.21125872413705513        44.920613239658444     
  0.21379382882669989        46.060763749197321     
  0.21635935477262003        47.221033517972849     
  0.21895566702989158        48.401098061535244     
  0.22158313503425037        49.600577214519184     
  0.22424213265466111        50.819032481872391     
  0.22693303824651717        52.055964408278619     
  0.22965623470547550        53.310809979517465     
  0.23241210952194130        54.582940070627814     
  0.23520105483620432        55.871656956898690     
  0.23802346749423892        57.176191904886664     
  0.24087974910416990        58.495702861851910     
  0.24377030609341963        59.829272263197474     
  0.24669554976654079        61.175904978685118     
  0.24965589636373942        62.534526419367523     
  0.25265176712010440        63.903980828302778     
  0.25568358832554539        65.283029779196724     
  0.25875179138545201        66.670350908120824     
  0.26185681288207757        68.064536904367614     
  0.26499909463666221        69.464094787299146     
  0.26817908377230226        70.867445496701635     
  0.27139723277757005        72.272923824644252     
  0.27465399957090059        73.678778717116714     
  0.27794984756575147        75.083173973761745     
  0.28128524573654062        76.484189373769951     
  0.28466066868537931        77.879822255417352     
  0.28807659670960351        79.267989575752594     
  0.29153351587011889        80.646530475497968     
  0.29503191806056045        82.013209372264939     
  0.29857230107728677        83.365719602596016     
  0.30215516869021436        84.701687630068164     
  0.30578103071449714        86.018677832629251     
  0.30945040308307126        87.314197877404780     
  0.31316380792006776        88.585704685358337     
  0.31692177361510870        89.830610981364160     
  0.32072483489849013        91.046292417480686     
  0.32457353291727165        92.230095248574330     
  0.32846841531227905        93.379344530127014     
  0.33241003629602661        94.491352798366847     
  0.33639895673157910        95.563429183219554     
  0.34043574421235762        96.592888895610599     
  0.34452097314290614        97.577063023040182     
  0.34865522482062117        98.513308561942139     
  0.35283908751846815        99.399018612917970     
  0.35707315656868999        100.23163266622450     
  0.36135803444751446        101.00864691031518     
  0.36569433086088482        101.72762450580699     
  0.37008266283121494        102.38620578046860     
  0.37452365478518967        102.98211831652669     
  0.37901793864261218        103.51318691808922     
  0.38356615390632309        103.97734346160809     
  0.38816894775319916        104.37263664380114     
  0.39282697512623771        104.69724164721609     
  0.39754089882775279        104.94946974213755     
  0.40231138961368534        105.12777783420815     
  0.40713912628904980        105.23077795034874     
  0.41202479580451856        105.25724663279945     
  0.41696909335417232        105.20613418463793     
  0.42197272247442252        105.07657368277341     
  0.42703639514411584        104.86788964901544     
  0.43216083188584548        104.57960624890977     
  0.43734676186847510        104.21145487355099     
  0.44259492301089698        103.76338095254778     
  0.44790606208702799        103.23554984699381     
  0.45328093483207177        102.62835167911049     
  0.45872030605005687        101.94240496910110     
  0.46422494972265776        101.17855896824040     
  0.46979564911932997        100.33789459879043     
  0.47543319690876135        99.421723934543394     
  0.48113839527166669        98.431588179401871     
  0.48691205601492693        97.369254124484499     
  0.49275500068710543        96.236709086108903     
  0.49866806069535097        95.036154347288047     
  0.50465207742369544        93.769997143873567     
  0.51070790235278007        92.440841253163768     
  0.51683639718101282        91.051476257726208     
  0.52303843394718519        89.604865570457278     
  0.52931489515455166        88.104133318629138     
  0.53566667389640565        86.552550194944558     
  0.54209467398316280        84.953518392507192     
  0.54859981007096104        83.310555748154343     
  0.55518300779181295        81.627279224790740     
  0.56184520388531389        79.907387868215409     
  0.56858734633193797        78.154645377409310     
  0.57541039448792142        76.372862429331249     
  0.58231531922177582        74.565878899924328     
  0.58930310305243749        72.737546122261591     
  0.59637474028906701        70.891709320547108     
  0.60353123717253498        69.032190355059313     
  0.61077361201860580        67.162770908128792     
  0.61810289536282936        65.287176234925326     
  0.62552013010718366        63.409059595281875     
  0.63302637166846909        61.531987474108398     
  0.64062268812849110        59.659425688255226     
  0.64831016038603329        57.794726467119986     
  0.65608988231066490        55.941116582983760     
  0.66396296089839324        54.101686595184326     
  0.67193051642917434        52.279381259932514     
  0.67999368262632465        50.476991145020577     
  0.68815360681783977        48.697145476024929     
  0.69641145009965422        46.942306228026460     
  0.70476838750085036        45.214763464516579     
  0.71322560815085967        43.516631913169633     
  0.72178431544867050        41.849848756688935     
  0.73044572723405488        40.216172606094489     
  0.73921107596086388        38.617183613727313     
  0.74808160887239339        37.054284674014227     
  0.75705858817886251        35.528703651735448     
  0.76614329123700919        34.041496570256008     
  0.77533701073185235        32.593551685964371     
  0.78464105486063496        31.185594370058936     
  0.79405674751896294        29.818192714856782     
  0.80358542848919101        28.491763778976182     
  0.81322845363106022        27.206580384067177     
  0.82298719507463336        25.962778375201626     
  0.83286304141552936        24.760364257555072     
  0.84285739791251479        23.599223123560293     
  0.85297168668746526        22.479126787224693     
  0.86320734692771539        21.399742045698076     
  0.87356583509084840        20.360638992362329     
  0.88404862511193738        19.361299310592699     
  0.89465720861328124        18.401124482799116     
  0.90539309511664112        17.479443855280802     
  0.91625781225803948        16.595522505699844     
  0.92725290600513655        15.748568866480014     
  0.93837994087719867        14.937742064047823     
  0.94964050016772550        14.162158940434821     
  0.96103618616973707        13.420900730253377     
  0.97256862040377434        12.713019372334344     
  0.98423944384862028        12.037543441292998     
  0.99605031717480241        11.393483689885633     
   1.0080029209809005        10.779838198176002     
   1.0200989560326719        10.195597130195459     
   1.0323401435050645        9.6397471029188928     
   1.0447282252271239        9.1112751759714445     
   1.0572649639298499        8.6091724735203723     
   1.0699521434970087        8.1324374522997296     
   1.0827915692189716        7.6800788316788156     
   1.0957850680495997        7.2511182031494235     
   1.1089344888661954        6.8445923376058388     
   1.1222417027325904        6.4595552093689852     
   1.1357086031653800        6.0950797561105112     
   1.1493371064033653        5.7502593937143400     
   1.1631291516802063        5.4242093047235080     
   1.1770867015003674        5.1160675184114552     
   1.1912117419183723        4.8249957997384927     
   1.2055062828213936        4.5501803635523519     
   1.2199723582152486        4.2908324294092850     
   1.2346120265138321        4.0461886313669275     
   1.2494273708319987        3.8155112960647726     
   1.2644204992819834        3.5980886013890228     
   1.2795935452733658        3.3932346270388734     
   1.2949486678166469        3.2002893073846197     
   1.3104880518304471        3.0186182961501378     
   1.3262139084524109        2.8476127516635570     
   1.3421284753538405        2.6866890507104051     
   1.3582340170580873        2.5352884383861891     
   1.3745328252627853        2.3928766207819572     
   1.3910272191659370        2.2589433068375007     
   1.4077195457959286        2.1330017052594932     
   1.4246121803454805        2.0145879820152963     
   1.4417075265096246        1.9032606835708306     
   1.4590080168277408        1.7986001307356079     
   1.4765161130296747        1.7002077876997796     
   1.4942343063860315        1.6077056105927428     
   1.5121651180626619        1.5207353796523324     
   1.5303110994794147        1.4389580188635811     
   1.5486748326731683        1.3620529067030436     
   1.5672589306652445        1.2897171814034978     
   1.5860660378332283        1.2216650439351586     
   1.6050988302872278        1.1576270616791622     
   1.6243600162506755        1.0973494755490592     
   1.6438523364456814        1.0405935130940605     
   1.6635785644830305       0.98713470989677976     
   1.6835415072568276       0.93676224135675101     
   1.7037440053439075       0.88927826673649002     
   1.7241889334080354       0.84449728249490241     
   1.7448792006089326       0.80224550994301769     
   1.7658177510162407       0.76236027035883192     
   1.7870075640284333       0.72468939773267482     
   1.8084516547967755       0.68909066490264947     
   1.8301530746543377       0.65543122891969374     
   1.8521149115501874       0.62358709616846975     
   1.8743402904887907       0.59344260762305556     
   1.8968323739746571       0.56488994447751051     
   1.9195943624623539       0.53782865426506155     
   1.9426294948118998       0.51216519746556777     
   1.9659410487496438       0.48781251449856494     
   1.9895323413346404       0.46468961290826211     
   2.0134067294306539       0.44272117446663473     
   2.0375676101838227       0.42183718185070290     
   2.0620184215060298       0.40197256448943608     
   2.0867626425641030       0.38306686312376370     
   2.1118037942748695       0.36506391257931481     
   2.1371454398061691       0.34791154221495540     
   2.1627911850838442       0.33156129348044916     
   2.1887446793048477       0.31596815399292111     
   2.2150096154565069       0.30109030752386540     
   2.2415897308419863       0.28688889927556471     
   2.2684888076120910       0.27332781581759358     
   2.2957106733034336       0.26037347905013747     
   2.3232592013830757       0.24799465356071171     
   2.3511383117996738       0.23616226674418081     
   2.3793519715412672       0.22484924106236293     
   2.4079041951997637       0.21403033782862640     
   2.4367990455421622       0.20368201191442017     
   2.4660406340886651       0.19378227678828958     
   2.4956331216977303       0.18431057931335179     
   2.5255807191581043       0.17524768374614016     
   2.5558876877880032       0.16657556439789331     
   2.5865583400414556       0.15827730643856613     
   2.6175970401219546       0.15033701434379823     
   2.6490082046034193       0.14273972750561195     
   2.6807963030586568       0.13547134254851070     
   2.7129658586953624       0.12851854191377129     
   2.7455214489997082       0.12186872829588134     
   2.7784677063877061       0.11550996453612231     
   2.8118093188643547       0.10943091859915836     
   2.8455510306907286       0.10362081327897696     
   2.8796976430590187        9.8069380300608661E-002
   2.9142540147757239        9.2766818503571422E-002
   2.9492250629530337        8.7703755811914530E-002
   2.9846157637084718        8.2871214713956656E-002
   3.0204311528729750        7.8260580992271483E-002
   3.0566763267074473        7.3863575461119352E-002
   3.0933564426279374        6.9672228484273929E-002
   3.1304767199394745        6.5678857061030979E-002
   3.1680424405787444        6.1876044282052858E-002
   3.2060589498656911        5.8256620969588710E-002
   3.2445316572640812        5.4813649328499366E-002
   3.2834660371512516        5.1540408445409344E-002
   3.3228676295970625        4.8430381483241407E-002
   3.3627420411522286        4.5477244427385370E-002
   3.4030949456460577        4.2674856247888387E-002
   3.4439320849938060        4.0017250349388099E-002
   3.4852592700137337        3.7498627187152224E-002
   3.5270823812539001        3.5113347933630114E-002
   3.5694073698289484        3.2855929085479095E-002
   3.6122402582668913        3.0721037906226493E-002
   3.6555871413660959        2.8703488604671257E-002
   3.6994541870624915        2.6798239153938561E-002
   3.7438476373072365        2.5000388660867030E-002
   3.7887738089549257        2.3305175200223672E-002
   3.8342390946623865        2.1707974033167200E-002
   3.8802499637983372        2.0204296134462028E-002
   3.9268129633639122        1.8789786958213126E-002
   3.9739347189242813        1.7460225377341241E-002
   4.0216219355513747        1.6211522737641811E-002
   4.0698813987779863        1.5039721973028986E-002
   4.1187199755633239        1.3940996734417630E-002
   4.1681446152700863        1.2911650490580882E-002
   4.2181623506533290        1.1948115565175029E-002
   4.2687802988611638        1.1046952079882997E-002
   4.3200056624474996        1.0204846779222575E-002
   4.3718457303968723        9.4186117179364710E-003
   4.4243078791616295        8.6851827969671811E-003
   4.4773995737115708        8.0016181387737861E-003
   4.5311283685961126        7.3650962971277371E-003
   4.5855019090192686        6.7729143004975571E-003
   4.6405279319274939        6.2224855316788969E-003
   4.6962142671106255        5.7113374494308679E-003
   4.7525688383159563        5.2371091605396937E-003
   4.8095996643757415        4.7975488529493670E-003
   4.8673148603482534        4.3905111023879321E-003
   4.9257226386724344        4.0139540662933685E-003
   4.9848313103364976        3.6659365798268314E-003
   5.0446492860605376        3.3446151693798838E-003
   5.1051850774932674        3.0482409992649579E-003
   5.1664472984231891        2.7751567672565187E-003
   5.2284446660042603        2.5237935643584179E-003
   5.2911860019963148        2.2926677136450744E-003
   5.3546802340202735        2.0803776022966527E-003
   5.4189363968285091        1.8856005200567376E-003
   5.4839636335904549        1.7070895163216505E-003
   5.5497711971935431        1.5436702869580186E-003
   5.6163684515598691        1.3942381007733971E-003
   5.6837648729785792        1.2577547743661609E-003
   5.7519700514543262        1.1332457028845502E-003
   5.8209936920717809        1.0197969530579621E-003
   5.8908456163766347        9.1655242374928474E-004
   5.9615357637731572        8.2271107823506226E-004
   6.0330741929384386        7.3752425146554417E-004
   6.1054710832537031        6.6029303470024946E-004
   6.1787367362527394        5.9036573916322458E-004
   6.2528815770877761        5.2713543971781725E-004
   6.3279161560128321        4.7003759902218540E-004
   6.4038511498849786        4.1854777218881405E-004
   6.4806973636836007        3.7217939162635758E-004
   6.5584657320478081        3.3048163148011113E-004
   6.6371673208323854        2.9303735089691808E-004
   6.7168133286823659        2.5946111520914913E-004
   6.7974150886265576        2.2939729404806281E-004
   6.8789840696900795        2.0251823534744989E-004
   6.9615318785263520        1.7852251417279678E-004
   7.0450702610686715        1.5713325529945638E-004
   7.1296111042014996        1.3809652845702712E-004
   7.2151664374519209        1.2117981514955585E-004
   7.3017484347013353        1.0617054594717392E-004
   7.3893694159177556        9.2874707120794501E-005
   7.4780418489087728        8.1115515455538548E-005
   7.5677783510956678        7.0732160029860416E-005
   7.6585916913088203        6.1578609686347604E-005
   7.7504947916045293        5.3522484848148053E-005
   7.8435007291037886        4.6443992253916486E-005
   7.9376227378530242        4.0234921096529691E-005
   8.0328742107072646        3.4797698959298757E-005
   8.1292687012357554        3.0044505850837183E-005
   8.2268199256505739        2.5896444548885331E-005
   8.3255417647583858        2.2282765376857972E-005
   8.4254482659354899        1.9140143457009848E-005
   8.5265536451267216        1.6412006412931816E-005
   8.6288722888682319        1.4047910433262650E-005
   8.7324187563346545        1.2002962559303134E-005
   8.8372077814106760        1.0237287022553395E-005
   8.9432542747875914        8.7155334345843161E-006
   9.0505733260850469        7.4064246212857857E-006
   9.1591802059980729        6.2823418962732964E-006
   9.2690903684700547        5.3189455836762566E-006
   9.3803194528916833        4.4948286280367805E-006
   9.4928832863263892        3.7912011677846946E-006
   9.6067978857623100        3.1916039977447881E-006
   9.7220794603914449        2.6816489042867781E-006
   9.8387444139161477        2.2487839228882181E-006
   9.9568093468831460        1.8820816408488065E-006
   10.076291059045733        1.5720487464674611E-006
   10.197206551754286        1.3104551089879714E-006
   10.319573030375343        1.0901807598906339E-006
   10.443407906739854        9.0507923457287716E-007
   10.568728801620717        7.4985582310970724E-007
   10.695553547240172        6.1995936868688579E-007
   10.823900189807059        5.1148634161823421E-007
   10.953786992084730        4.2109600484944529E-007
   11.085232435989752        3.4593557286648164E-007
   11.218255225221636        2.8357434941373694E-007
   11.352874287924301        2.3194590992507811E-007
   11.489108779379379        1.8929747170735204E-007
   11.626978084731936        1.5414566840168385E-007
   11.766501821748726        1.2523801487092195E-007
   11.907699843609697        1.0151941428023879E-007
   12.050592241733019        8.2103120674047739E-008
   12.195199348633823        6.6245627784139302E-008
   12.341541740817433        5.3325008158566446E-008
   12.489640241707228        4.2822276047781631E-008
   12.639515924607721        3.4305392928758049E-008
   12.791190115703021        2.7415576223413730E-008
   12.944684397091439        2.1855609831916332E-008
   13.100020609856545        1.7379889729551101E-008
   13.257220857174831        1.3785969255868196E-008
   13.416307507460935        1.0907397053418727E-008
   13.577303197550448        8.6076660918439490E-009
   13.740230835921063        6.7751150440111087E-009
   13.905113605952122        5.3186436653633811E-009
   14.071974969223531        4.1641219627822186E-009
   14.240838668854218        3.2513890162470543E-009
   14.411728732880476        2.5317515191230614E-009
   14.584669477675051        1.9659046060231163E-009
   14.759685511407133        1.5222085063018271E-009
   14.936801737544027        1.1752741916856614E-009
   15.116043358394563        9.0485168642044343E-010
   15.297435878695278        6.9466908976756537E-010
   15.481005109239630        5.3177268793686070E-010
   15.666777170550514        4.0588825798762155E-010
   15.854778496597127        3.0889018068117629E-010
   16.045035838556274        2.3437076666843078E-010
   16.237576268618955        1.7729189653805695E-010
   16.432427183842393        1.3370407278695863E-010
   16.629616310048480        1.0052051468282338E-010
   16.829171705769070        7.5336060647076195E-011
   17.031121766238311        5.6282434489525998E-011
   17.235495227433177        4.1912931606959962E-011
   17.442321170162355        3.1110832655401067E-011
   17.651629024204311        2.3016892971461437E-011
   17.863448572494775        1.6972118769263441E-011
   18.077809955364689        1.2472753954837367E-011
   18.294743674829071        9.1349883645009050E-012
   18.514280598927030        6.6673799305974659E-012
   18.736451966114164        4.8493772329143628E-012
   18.961289389707513        3.5146499743523295E-012
   19.188824862384013        2.5381956897707192E-012
   19.419090760732630        1.8264020363128362E-012
   19.652119849861400        1.3094141949994781E-012
   19.887945288059743        9.3529365076243700E-013
   20.126600631516471        6.6556408195957837E-013
   20.368119839094643        4.7182739661523674E-013
   20.612537277163792        3.3320232589365997E-013
   20.859887724489766        2.3439290064714769E-013
   21.110206377183655        1.6423744118872339E-013
   21.363528853709834        1.1462270664147382E-013
   21.619891199954360        7.9674465973643785E-014
   21.879329894353827        5.5156495796093954E-014
   22.141881853086044        3.8026111359022579E-014
   22.407584435323088        2.6106785029694479E-014
   22.676475448546974        1.7847990509290664E-014
   22.948593153929551        1.2149759519468890E-014
   23.223976271776678        8.2350485271697704E-015
   23.502663987038009        5.5572790381791351E-015
   23.784695954882480        3.7336445537291550E-015
   24.070112306341038        2.4972116575187598E-015
   24.358953654017146        1.6626696448159589E-015
   24.651261097865362        1.1019481176465465E-015
   24.947076231039759        7.2693728067068869E-016
   25.246441145812206        4.7729745102557800E-016
   25.549398439561966        3.1189839423513540E-016
   25.855991220836724        2.0283560498796609E-016
   26.166263115486728        1.3126748191489111E-016
   26.480258272872582        8.4533063042839957E-017
   26.798021372147069        5.4166006902242841E-017
   27.119597628612848        3.4532797720900133E-017
   27.445032800156167        2.1903579391315359E-017
   27.774373193758056        1.3821339585298618E-017
   28.107665672083169        8.6758077767523334E-018
   28.444957660148130        5.4171035266716138E-018
   28.786297152069924        3.3642955924551030E-018
   29.131732717894774        2.0780834743789596E-018
   29.481313510509530        1.2765721347821723E-018
   29.835089272635607        7.7985277220970928E-019
   30.193110343907250        4.7373533975873038E-019
   30.555427668034152        2.8614457498563326E-019
   30.922092800050525        1.7184311383567417E-019
   31.293157913651147        1.0259958206623226E-019
   31.668675808614974        6.0896942174044367E-020
   32.048699918318377        3.5929489282599924E-020
   32.433284317338156        2.1070804642047226E-020
   32.822483729146228        1.2281578531261236E-020
   33.216353533895997        7.1144009098206676E-021
   33.614949776302709        4.0954463090280281E-021
   34.018329173618362        2.3426647970414001E-021
   34.426549123701797        1.3314715105126155E-021
   34.839667713186238        7.5185259504983800E-022
   35.257743725744426        4.2177253963511615E-022
   35.680836650453379        2.3503555210756098E-022
   36.109006690258838        1.3009549690346295E-022
   36.542314770541900        7.1519835613712467E-023
   36.980822547788421        3.9046814069618180E-023
   37.424592418361897        2.1168693296918901E-023
   37.873687527382266        1.1394562853388353E-023
   38.328171777710800        6.0887236684617605E-024
   38.788109839043358        3.2290854434192195E-024
   39.253567157111895        1.6990250714464681E-024
   39.724609962997192        8.8637722352428537E-025
   40.201305282553179        4.5798508274819262E-025
   40.683720945943833        2.3387595906167538E-025
   41.171925597295186        1.1755650282174524E-025
   41.665988704462670        5.7686440808232406E-026
   42.165980568916247        2.7166329263024932E-026
   42.671972335743263        1.1817849617737979E-026
   43.184036003772128        4.3111913076077080E-027
   43.702244435817420        9.4775374412839134E-028
   44.226671369047246        0.0000000000000000     
