# lSiO2_4000K BP2b # ml_type: acsf2b
acsf2b
# number of species : Si O, order 1,2
2
# eta type: eta_r2 -> eta*r^2, (r_div_eta)^2-> (r/eta)^2, (r_div_2eta)^2-> (r/(2eta))^2
r2_div_eta2  
# pair infor: Si-Si  Si-O # two body set: {eta, Rs, scales, coefs} centered order
Si
Si O
20 20
4.9286683121640795e-01 0.0000000000000000e+00 2.4714757794315750e-10 0.0000000000000000e+00
6.0198890705338348e-01 0.0000000000000000e+00 1.2024431901141284e-07 0.0000000000000000e+00
7.3527091145682866e-01 0.0000000000000000e+00 8.2297195874721965e-06 0.0000000000000000e+00
8.9806191924831269e-01 0.0000000000000000e+00 1.5321048954157539e-04 0.0000000000000000e+00
1.0968953051685046e+00 0.0000000000000000e+00 1.2302180965477793e-03 0.0000000000000000e+00
1.3397509511457530e+00 0.0000000000000000e+00 5.7052743863116205e-03 0.0000000000000000e+00
1.6363755069771335e+00 0.0000000000000000e+00 1.7654466605272603e-02 2.8040828998480016e+00
1.9986735576076169e+00 0.0000000000000000e+00 3.9974399693200935e-02 -1.0256305490424092e+01
2.4411853959237431e+00 0.0000000000000000e+00 7.2333625480492408e-02 6.5719996400132903e+00
2.9816705757615862e+00 0.0000000000000000e+00 1.1214685744058533e-01 5.1305756317907285e+00
3.6418206651602230e+00 0.0000000000000000e+00 1.5537828975129389e-01 -2.8798324725338698e+00
4.4481298051514004e+00 0.0000000000000000e+00 1.9729362891185806e-01 -4.3279355553499279e+00
5.4329580126663792e+00 0.0000000000000000e+00 2.3413549678741313e-01 -1.5948719520013441e+00
6.6358299016391111e+00 0.0000000000000000e+00 2.6411090519153396e-01 9.5421576628896665e-01
8.1050209445437371e+00 0.0000000000000000e+00 2.8713846713602970e-01 1.9219335441521674e+00
9.8994949366116654e+00 0.0000000000000000e+00 3.0410947679108030e-01 1.6594244056826439e+00
1.2091270419970126e+01 0.0000000000000000e+00 3.1625362477506180e-01 8.3005676483220059e-01
1.4768311040611989e+01 0.0000000000000000e+00 3.2476616082004756e-01 -1.0980880960772034e-01
1.8038055838370770e+01 0.0000000000000000e+00 3.3064836528002495e-01 -9.4333303671484126e-01
2.2031731152833213e+01 0.0000000000000000e+00 3.3467330190507316e-01 -1.6036660740866850e+00
4.9286683121640795e-01 0.0000000000000000e+00 3.0011829974996314e-05 0.0000000000000000e+00
6.0198890705338348e-01 0.0000000000000000e+00 5.6316097897060873e-04 0.0000000000000000e+00
7.3527091145682866e-01 0.0000000000000000e+00 4.1649026062711494e-03 0.0000000000000000e+00
8.9806191924831269e-01 0.0000000000000000e+00 1.5758283964501980e-02 -7.0901627660744522e+00
1.0968953051685046e+00 0.0000000000000000e+00 3.7567093067429197e-02 2.8188894558143045e+00
1.3397509511457530e+00 0.0000000000000000e+00 6.6020211355047945e-02 -1.9446401965149520e+00
1.6363755069771335e+00 0.0000000000000000e+00 9.5715808737436958e-02 8.5907688589440596e+00
1.9986735576076169e+00 0.0000000000000000e+00 1.2485179959568198e-01 -1.8140849382870345e+00
2.4411853959237431e+00 0.0000000000000000e+00 1.5817036911803778e-01 -7.4649531642329467e+00
2.9816705757615862e+00 0.0000000000000000e+00 2.0241301308058107e-01 2.2741168261152458e+00
3.6418206651602230e+00 0.0000000000000000e+00 2.5719694431349610e-01 7.5454389093437317e+00
4.4481298051514004e+00 0.0000000000000000e+00 3.1527137170007208e-01 3.2823862424536321e+00
5.4329580126663792e+00 0.0000000000000000e+00 3.6909962214805686e-01 -2.6575168715703588e+00
6.6358299016391111e+00 0.0000000000000000e+00 4.1433594060992807e-01 -5.4939691856517845e+00
8.1050209445437371e+00 0.0000000000000000e+00 4.4980416184876892e-01 -5.1519787663813714e+00
9.8994949366116654e+00 0.0000000000000000e+00 4.7628939018652661e-01 -3.1085135773409815e+00
1.2091270419970126e+01 0.0000000000000000e+00 4.9540415027255663e-01 -6.0885354712461159e-01
1.4768311040611989e+01 0.0000000000000000e+00 5.0887778534035844e-01 1.6857167652132004e+00
1.8038055838370770e+01 0.0000000000000000e+00 5.1822238540164645e-01 3.5390765499964263e+00
2.2031731152833213e+01 0.0000000000000000e+00 5.2463203044220452e-01 4.9350234273652314e+00
# pair infor: O-O O-Si # two body set: {eta, Rs, scales, coefs} centered order
O
Si O
20 20
4.9286683121640795e-01 0.0000000000000000e+00 1.5109971828736485e-08 0.0000000000000000e+00
6.0198890705338348e-01 0.0000000000000000e+00 1.8489103513782495e-06 0.0000000000000000e+00
7.3527091145682866e-01 0.0000000000000000e+00 5.5262084720134391e-05 0.0000000000000000e+00
8.9806191924831269e-01 0.0000000000000000e+00 6.9299248377804380e-04 0.0000000000000000e+00
1.0968953051685046e+00 0.0000000000000000e+00 4.6758901349050076e-03 0.0000000000000000e+00
1.3397509511457530e+00 0.0000000000000000e+00 1.8934550128995784e-02 1.4732109674721585e+00
1.6363755069771335e+00 0.0000000000000000e+00 5.1162317219638868e-02 -7.8071357628931715e+00
1.9986735576076169e+00 0.0000000000000000e+00 1.0219764368910268e-01 4.7235596905773010e+00
2.4411853959237431e+00 0.0000000000000000e+00 1.6475334811650910e-01 4.6118541444317120e+00
2.9816705757615862e+00 0.0000000000000000e+00 2.2993530204120693e-01 -1.7807275995603802e+00
3.6418206651602230e+00 0.0000000000000000e+00 2.9192289885153588e-01 -4.4239095830173376e+00
4.4481298051514004e+00 0.0000000000000000e+00 3.4751355084807811e-01 -2.2116241152315350e+00
5.4329580126663792e+00 0.0000000000000000e+00 3.9480652799049260e-01 9.9529787817308379e-01
6.6358299016391111e+00 0.0000000000000000e+00 4.3300203739743670e-01 2.6982429409450566e+00
8.1050209445437371e+00 0.0000000000000000e+00 4.6243129333502403e-01 2.7080924384050689e+00
9.8994949366116654e+00 0.0000000000000000e+00 4.8424494065086071e-01 1.7433591604255949e+00
1.2091270419970126e+01 0.0000000000000000e+00 4.9994061651272675e-01 4.7250018193703852e-01
1.4768311040611989e+01 0.0000000000000000e+00 5.1099130385433778e-01 -7.2779967802787116e-01
1.8038055838370770e+01 0.0000000000000000e+00 5.1865240186665118e-01 -1.7119317893093269e+00
2.2031731152833213e+01 0.0000000000000000e+00 5.2390677392038976e-01 -2.4597545073536087e+00
4.9286683121640795e-01 0.0000000000000000e+00 2.3407291964493439e-05 0.0000000000000000e+00
6.0198890705338348e-01 0.0000000000000000e+00 4.6507351619766592e-04 0.0000000000000000e+00
7.3527091145682866e-01 0.0000000000000000e+00 3.7737554209289485e-03 0.0000000000000000e+00
8.9806191924831269e-01 0.0000000000000000e+00 1.6161129136681350e-02 -8.8378731449656023e+00
1.0968953051685046e+00 0.0000000000000000e+00 4.4242816074673917e-02 8.3439696238748873e+00
1.3397509511457530e+00 0.0000000000000000e+00 8.8522605667584631e-02 -3.1675563440332493e+00
1.6363755069771335e+00 0.0000000000000000e+00 1.4173062256174371e-01 3.2653792736695970e+00
1.9986735576076169e+00 0.0000000000000000e+00 1.9386053759586219e-01 2.5676254319887670e+00
2.4411853959237431e+00 0.0000000000000000e+00 2.3885762835437818e-01 -3.0632914710301820e+00
2.9816705757615862e+00 0.0000000000000000e+00 2.7605316381337691e-01 -2.1476517837236964e+00
3.6418206651602230e+00 0.0000000000000000e+00 3.0684277755977796e-01 1.4729833425775849e+00
4.4481298051514004e+00 0.0000000000000000e+00 3.3234501744659800e-01 2.2395481753278723e+00
5.4329580126663792e+00 0.0000000000000000e+00 3.5315857320045418e-01 7.4746022207161600e-01
6.6358299016391111e+00 0.0000000000000000e+00 3.6968794206590205e-01 -7.4392648178289078e-01
8.1050209445437371e+00 0.0000000000000000e+00 3.8238680267992786e-01 -1.3051455373889274e+00
9.8994949366116654e+00 0.0000000000000000e+00 3.9183026131183368e-01 -1.0801110404157206e+00
1.2091270419970126e+01 0.0000000000000000e+00 3.9865932442050611e-01 -4.7715132439234426e-01
1.4768311040611989e+01 0.0000000000000000e+00 4.0349043235719634e-01 2.0011087918575401e-01
1.8038055838370770e+01 0.0000000000000000e+00 4.0685272588521865e-01 8.0134174667678593e-01
2.2031731152833213e+01 0.0000000000000000e+00 4.0916550570894689e-01 1.2786728941804493e+00
