# system_name=aSiO2_300K ml_type=Split2b3b Rc2b=7.00 Rc3b=7.00 elements="Si O" VT="1.00e-09 1.00e-04" regression_model=Ridge alpha=1.00e-01
Split2b3b
# number of species : Si O, order 1,2
2
# eta type: eta_r2 -> eta*r^2, (r_div_eta)^2-> (r/eta)^2, (r_div_2eta)^2-> (r/(2eta))^2
r2_div_eta2
# pair infor: Si-Si  Si-O # two body set: {eta, Rs, scales, coefs} centered order
# triplet infor: Si-SiSi  Si-SiO Si-OO # three body set: {eta1, eta2, eta3, scales, coefs} centered order
Si
Si O
60 60
56 126 126
 4.9286683121640795e-01  0.0000000000000000e+00 9.7800457806154480e-16 0.0000000000000000e+00 
 6.0198890705338348e-01  0.0000000000000000e+00 5.4089160297672508e-11 0.0000000000000000e+00 
 7.3527091145682877e-01  0.0000000000000000e+00 9.5938128042958807e-08 0.0000000000000000e+00 
 8.9806191924831269e-01  0.0000000000000000e+00 1.5600208791445369e-05 0.0000000000000000e+00 
 1.0968953051685049e+00  0.0000000000000000e+00 4.8203828243175448e-04 8.9159295706440223e-01 
 1.3397509511457530e+00  0.0000000000000000e+00 4.7933414015968708e-03 2.7656693850839525e-01 
 1.6363755069771337e+00  0.0000000000000000e+00 2.2492662278416387e-02 -8.2586625630222593e-02 
 1.9986735576076173e+00  0.0000000000000000e+00 6.5414956360842783e-02 -2.3057817465288441e-01 
 2.4411853959237431e+00  0.0000000000000000e+00 1.4210401446173973e-01 -2.3354995832545011e-01 
 2.9816705757615862e+00  0.0000000000000000e+00 2.5595130640591579e-01 -2.0061436368310792e-01 
 3.6418206651602234e+00  0.0000000000000000e+00 3.9862815827365922e-01 -1.3149988490679565e-01 
 4.4481298051514013e+00  0.0000000000000000e+00 5.5031561753971259e-01 -4.9106443968881891e-02 
 5.4329580126663801e+00  0.0000000000000000e+00 6.9134670132516463e-01 3.5971727509138038e-03 
 6.6358299016391111e+00  0.0000000000000000e+00 8.1020910503663346e-01 1.2639938032943748e-02 
 8.1050209445437389e+00  0.0000000000000000e+00 9.0366231336303116e-01 -9.6217720897831243e-03 
 9.8994949366116671e+00  0.0000000000000000e+00 9.7362787248079208e-01 -4.5237329277872364e-02 
 1.2091270419970126e+01  0.0000000000000000e+00 1.0242374280451727e+00 -8.1636224404240829e-02 
 1.4768311040611987e+01  0.0000000000000000e+00 1.0599765683836466e+00 -1.1283793334459374e-01 
 1.8038055838370770e+01  0.0000000000000000e+00 1.0847980133107038e+00 -1.3720984434007527e-01 
 2.2031731152833213e+01  0.0000000000000000e+00 1.1018409506366069e+00 -1.5523061479218900e-01 
 4.9286683121640795e-01  2.5000000000000000e+00 2.8341990825798558e-01 1.3790988274899699e-01 
 6.0198890705338348e-01  2.5000000000000000e+00 3.4925310141623223e-01 -1.3855936776894573e+00 
 7.3527091145682877e-01  2.5000000000000000e+00 4.0098211657737265e-01 -1.1478019376626197e-01 
 8.9806191924831269e-01  2.5000000000000000e+00 4.4689270654017799e-01 -2.9627575258748340e-01 
 1.0968953051685049e+00  2.5000000000000000e+00 4.9686808402740185e-01 -6.2927325775790044e-01 
 1.3397509511457530e+00  2.5000000000000000e+00 5.6228263524792532e-01 -3.1694555271059871e-01 
 1.6363755069771337e+00  2.5000000000000000e+00 6.4944183453896598e-01 -1.7152170144088694e-01 
 1.9986735576076173e+00  2.5000000000000000e+00 7.4920695919173352e-01 -1.7662812439759742e-01 
 2.4411853959237431e+00  2.5000000000000000e+00 8.4455422675876313e-01 -1.3747697300259820e-01 
 2.9816705757615862e+00  2.5000000000000000e+00 9.2426719144635572e-01 -4.5329780963495485e-02 
 3.6418206651602234e+00  2.5000000000000000e+00 9.8574456257413856e-01 3.5277095712365057e-02 
 4.4481298051514013e+00  2.5000000000000000e+00 1.0311105409669277e+00 6.6043253332161031e-02 
 5.4329580126663801e+00  2.5000000000000000e+00 1.0637493906324667e+00 5.0832374900184878e-02 
 6.6358299016391111e+00  2.5000000000000000e+00 1.0868286864724526e+00 1.0826904764063061e-02 
 8.1050209445437389e+00  2.5000000000000000e+00 1.1029296492599610e+00 -3.5357537524574420e-02 
 9.8994949366116671e+00  2.5000000000000000e+00 1.1140419212008079e+00 -7.7301970136057566e-02 
 1.2091270419970126e+01  2.5000000000000000e+00 1.1216473917046474e+00 -1.1115791274089068e-01 
 1.4768311040611987e+01  2.5000000000000000e+00 1.1268203830083290e+00 -1.3669923799196115e-01 
 1.8038055838370770e+01  2.5000000000000000e+00 1.1303230628238587e+00 -1.5518568284931000e-01 
 2.2031731152833213e+01  2.5000000000000000e+00 1.1326872276619138e+00 -1.6821830548119307e-01 
 4.9286683121640795e-01  5.0000000000000000e+00 9.4878509652655874e-01 6.4941637220728418e-02 
 6.0198890705338348e-01  5.0000000000000000e+00 9.3229631095669052e-01 -1.3439969674727886e-01 
 7.3527091145682877e-01  5.0000000000000000e+00 9.1603079992654812e-01 7.1232470385128130e-02 
 8.9806191924831269e-01  5.0000000000000000e+00 9.0734037087138975e-01 -1.6266368246496921e-01 
 1.0968953051685049e+00  5.0000000000000000e+00 9.0941207549810144e-01 -2.2505614725370285e-01 
 1.3397509511457530e+00  5.0000000000000000e+00 9.2191789384609690e-01 5.2157075474956641e-02 
 1.6363755069771337e+00  5.0000000000000000e+00 9.4327371567811424e-01 3.5598788915584639e-01 
 1.9986735576076173e+00  5.0000000000000000e+00 9.7135122655568384e-01 4.8694273495086221e-01 
 2.4411853959237431e+00  5.0000000000000000e+00 1.0027656744776610e+00 4.5563168477667215e-01 
 2.9816705757615862e+00  5.0000000000000000e+00 1.0334586833279298e+00 3.4405452254469232e-01 
 3.6418206651602234e+00  5.0000000000000000e+00 1.0603228324908331e+00 2.1653901584338739e-01 
 4.4481298051514013e+00  5.0000000000000000e+00 1.0819731927068155e+00 1.0414397911165782e-01 
 5.4329580126663801e+00  5.0000000000000000e+00 1.0984260858140282e+00 1.5942812469557487e-02 
 6.6358299016391111e+00  5.0000000000000000e+00 1.1104312986081857e+00 -4.9125328734388143e-02 
 8.1050209445437389e+00  5.0000000000000000e+00 1.1189518680629296e+00 -9.5447119969217745e-02 
 9.8994949366116671e+00  5.0000000000000000e+00 1.1248870149833532e+00 -1.2771965492399553e-01 
 1.2091270419970126e+01  5.0000000000000000e+00 1.1289693928228233e+00 -1.4990286733696317e-01 
 1.4768311040611987e+01  5.0000000000000000e+00 1.1317536548073504e+00 -1.6502015959170219e-01 
 1.8038055838370770e+01  5.0000000000000000e+00 1.1336417882042917e+00 -1.7526477969549489e-01 
 2.2031731152833213e+01  5.0000000000000000e+00 1.1349173305383469e+00 -1.8218191907730347e-01 
 4.9286683121640795e-01  0.0000000000000000e+00 1.0211717438916917e-05 0.0000000000000000e+00 
 6.0198890705338348e-01  0.0000000000000000e+00 2.6877174803374834e-04 6.3737172776271611e-01 
 7.3527091145682877e-01  0.0000000000000000e+00 2.1802685155454943e-03 -9.1847204688474560e-01 
 8.9806191924831269e-01  0.0000000000000000e+00 8.1935037319505119e-03 -1.3791518968944005e+00 
 1.0968953051685049e+00  0.0000000000000000e+00 1.9186640210288410e-02 -8.6314218611794147e-01 
 1.3397509511457530e+00  0.0000000000000000e+00 3.4080915058972441e-02 1.3606706424968204e-01 
 1.6363755069771337e+00  0.0000000000000000e+00 5.2848263772653462e-02 9.8680196774123363e-01 
 1.9986735576076173e+00  0.0000000000000000e+00 9.3095876403357300e-02 1.0115006981391783e+00 
 2.4411853959237431e+00  0.0000000000000000e+00 1.9473998398096642e-01 5.0689765812993171e-01 
 2.9816705757615862e+00  0.0000000000000000e+00 3.7067343488681220e-01 2.1940685958646342e-01 
 3.6418206651602234e+00  0.0000000000000000e+00 5.9844842523066721e-01 1.0631637618542547e-01 
 4.4481298051514013e+00  0.0000000000000000e+00 8.4162088644434929e-01 6.2586003294882453e-02 
 5.4329580126663801e+00  0.0000000000000000e+00 1.0685310113902933e+00 4.4434333578963550e-02 
 6.6358299016391111e+00  0.0000000000000000e+00 1.2608030109946076e+00 3.5181194065554415e-02 
 8.1050209445437389e+00  0.0000000000000000e+00 1.4127571022785570e+00 2.9057063887376593e-02 
 9.8994949366116671e+00  0.0000000000000000e+00 1.5269752565083696e+00 2.4411289193977104e-02 
 1.2091270419970126e+01  0.0000000000000000e+00 1.6098238936877967e+00 2.0825858107835566e-02 
 1.4768311040611987e+01  0.0000000000000000e+00 1.6684367277951486e+00 1.8129074385242167e-02 
 1.8038055838370770e+01  0.0000000000000000e+00 1.7091929455751900e+00 1.6162145555228193e-02 
 2.2031731152833213e+01  0.0000000000000000e+00 1.7371987498909023e+00 1.4763286894805598e-02 
 4.9286683121640795e-01  2.5000000000000000e+00 1.3145013956602786e-01 -7.9154182032537143e-02 
 6.0198890705338348e-01  2.5000000000000000e+00 2.1759956912482159e-01 2.2761607221315452e-01 
 7.3527091145682877e-01  2.5000000000000000e+00 3.2999670918315133e-01 -7.6699099504631929e-01 
 8.9806191924831269e-01  2.5000000000000000e+00 4.6487191850629178e-01 4.5942194369069417e-01 
 1.0968953051685049e+00  2.5000000000000000e+00 6.2009527242386764e-01 3.7334439717617229e-01 
 1.3397509511457530e+00  2.5000000000000000e+00 7.9359377012715993e-01 -1.4346208513589748e-01 
 1.6363755069771337e+00  2.5000000000000000e+00 9.7424037453484869e-01 -2.0254330328487871e-01 
 1.9986735576076173e+00  2.5000000000000000e+00 1.1457015895219971e+00 -1.0125711424667440e-01 
 2.4411853959237431e+00  2.5000000000000000e+00 1.2964481767486864e+00 -4.0668390440096541e-02 
 2.9816705757615862e+00  2.5000000000000000e+00 1.4220817767043143e+00 -1.2799703166935831e-02 
 3.6418206651602234e+00  2.5000000000000000e+00 1.5226179699831186e+00 3.4110915226824366e-03 
 4.4481298051514013e+00  2.5000000000000000e+00 1.6002332693142400e+00 1.2821664497830305e-02 
 5.4329580126663801e+00  2.5000000000000000e+00 1.6582261091248569e+00 1.7023242678083153e-02 
 6.6358299016391111e+00  2.5000000000000000e+00 1.7003549638034854e+00 1.7962581289407545e-02 
 8.1050209445437389e+00  2.5000000000000000e+00 1.7302756122505092e+00 1.7338295643964774e-02 
 9.8994949366116671e+00  2.5000000000000000e+00 1.7511644349813327e+00 1.6203303975784327e-02 
 1.2091270419970126e+01  2.5000000000000000e+00 1.7655665945909840e+00 1.5068271697922559e-02 
 1.4768311040611987e+01  2.5000000000000000e+00 1.7754087815136530e+00 1.4122300078537401e-02 
 1.8038055838370770e+01  2.5000000000000000e+00 1.7820933948277811e+00 1.3399645009991634e-02 
 2.2031731152833213e+01  2.5000000000000000e+00 1.7866142363303450e+00 1.2873783213683970e-02 
 4.9286683121640795e-01  5.0000000000000000e+00 9.6523862808272221e-01 6.9513501449355641e-02 
 6.0198890705338348e-01  5.0000000000000000e+00 9.8129662980341259e-01 -3.0157435066351940e-01 
 7.3527091145682877e-01  5.0000000000000000e+00 9.8405949502724233e-01 2.9920647965205593e-01 
 8.9806191924831269e-01  5.0000000000000000e+00 9.9825056658213007e-01 1.4887996815356800e-02 
 1.0968953051685049e+00  5.0000000000000000e+00 1.0493444498113444e+00 -1.3171667025722805e-01 
 1.3397509511457530e+00  5.0000000000000000e+00 1.1409177394032546e+00 -5.8656412709598121e-02 
 1.6363755069771337e+00  5.0000000000000000e+00 1.2563290555305855e+00 4.0693467235710049e-03 
 1.9986735576076173e+00  5.0000000000000000e+00 1.3744466165838753e+00 1.4706730113610119e-02 
 2.4411853959237431e+00  5.0000000000000000e+00 1.4801836388640452e+00 6.9842867955166969e-03 
 2.9816705757615862e+00  5.0000000000000000e+00 1.5667096542498831e+00 7.4611957533499444e-04 
 3.6418206651602234e+00  5.0000000000000000e+00 1.6333186318573916e+00 -7.7511060087941499e-04 
 4.4481298051514013e+00  5.0000000000000000e+00 1.6824865181156206e+00 5.5006569564259970e-04 
 5.4329580126663801e+00  5.0000000000000000e+00 1.7177343320152247e+00 2.8414567368815684e-03 
 6.6358299016391111e+00  5.0000000000000000e+00 1.7424889906936560e+00 5.1046243557985429e-03 
 8.1050209445437389e+00  5.0000000000000000e+00 1.7596246248975755e+00 6.9740871903933022e-03 
 9.8994949366116671e+00  5.0000000000000000e+00 1.7713667811765381e+00 8.3923077835840864e-03 
 1.2091270419970126e+01  5.0000000000000000e+00 1.7793567650276414e+00 9.4189240364161413e-03 
 1.4768311040611987e+01  5.0000000000000000e+00 1.7847673736108223e+00 1.0141692093783830e-02 
 1.8038055838370770e+01  5.0000000000000000e+00 1.7884192290479053e+00 1.0641860371344292e-02 
 2.2031731152833213e+01  5.0000000000000000e+00 1.7908785086571659e+00 1.0984216376178949e-02 
 4.9286683121640795e-01  4.9286683121640795e-01  4.9286683121640795e-01 5.9390427521678012e-46 0.0000000000000000e+00 
 4.9286683121640795e-01  4.9286683121640795e-01  9.5997350486694710e-01 1.1315185621157841e-34 0.0000000000000000e+00 
 4.9286683121640795e-01  4.9286683121640795e-01  1.8697730739399194e+00 1.2932863662303669e-31 0.0000000000000000e+00 
 4.9286683121640795e-01  4.9286683121640795e-01  3.6418206651602221e+00 8.8663177810786926e-31 0.0000000000000000e+00 
 4.9286683121640795e-01  4.9286683121640795e-01  7.0932980809489461e+00 1.5879021752353871e-30 0.0000000000000000e+00 
 4.9286683121640795e-01  4.9286683121640795e-01  1.3815858135612068e+01 1.8920599117164805e-30 0.0000000000000000e+00 
 4.9286683121640795e-01  9.5997350486694710e-01  9.5997350486694710e-01 9.6559773572882338e-24 0.0000000000000000e+00 
 4.9286683121640795e-01  9.5997350486694710e-01  1.8697730739399194e+00 9.1558862629329346e-21 0.0000000000000000e+00 
 4.9286683121640795e-01  9.5997350486694710e-01  3.6418206651602221e+00 6.5778112697954595e-20 0.0000000000000000e+00 
 4.9286683121640795e-01  9.5997350486694710e-01  7.0932980809489461e+00 1.3353562066200363e-19 0.0000000000000000e+00 
 4.9286683121640795e-01  9.5997350486694710e-01  1.3815858135612068e+01 1.6743160332448818e-19 0.0000000000000000e+00 
 4.9286683121640795e-01  1.8697730739399194e+00  1.8697730739399194e+00 8.4731451678739498e-18 0.0000000000000000e+00 
 4.9286683121640795e-01  1.8697730739399194e+00  3.6418206651602221e+00 6.9854218573575359e-17 0.0000000000000000e+00 
 4.9286683121640795e-01  1.8697730739399194e+00  7.0932980809489461e+00 1.6484508453861123e-16 0.0000000000000000e+00 
 4.9286683121640795e-01  1.8697730739399194e+00  1.3815858135612068e+01 2.1551957561557970e-16 0.0000000000000000e+00 
 4.9286683121640795e-01  3.6418206651602221e+00  3.6418206651602221e+00 7.0104652886732606e-16 0.0000000000000000e+00 
 4.9286683121640795e-01  3.6418206651602221e+00  7.0932980809489461e+00 1.6768924442909390e-15 0.0000000000000000e+00 
 4.9286683121640795e-01  3.6418206651602221e+00  1.3815858135612068e+01 2.1761245243161407e-15 0.0000000000000000e+00 
 4.9286683121640795e-01  7.0932980809489461e+00  7.0932980809489461e+00 3.8874817622254976e-15 0.0000000000000000e+00 
 4.9286683121640795e-01  7.0932980809489461e+00  1.3815858135612068e+01 4.9909346679047704e-15 0.0000000000000000e+00 
 4.9286683121640795e-01  1.3815858135612068e+01  1.3815858135612068e+01 6.3871485012082635e-15 0.0000000000000000e+00 
 9.5997350486694710e-01  9.5997350486694710e-01  9.5997350486694710e-01 6.3857820984440578e-13 0.0000000000000000e+00 
 9.5997350486694710e-01  9.5997350486694710e-01  1.8697730739399194e+00 4.8220197596488401e-10 0.0000000000000000e+00 
 9.5997350486694710e-01  9.5997350486694710e-01  3.6418206651602221e+00 3.0543566568475508e-09 0.0000000000000000e+00 
 9.5997350486694710e-01  9.5997350486694710e-01  7.0932980809489461e+00 5.4761399769800397e-09 0.0000000000000000e+00 
 9.5997350486694710e-01  9.5997350486694710e-01  1.3815858135612068e+01 6.5238288609154343e-09 0.0000000000000000e+00 
 9.5997350486694710e-01  1.8697730739399194e+00  1.8697730739399194e+00 3.2661796025004646e-07 0.0000000000000000e+00 
 9.5997350486694710e-01  1.8697730739399194e+00  3.6418206651602221e+00 2.1262287392113570e-06 0.0000000000000000e+00 
 9.5997350486694710e-01  1.8697730739399194e+00  7.0932980809489461e+00 4.0392207524382321e-06 0.0000000000000000e+00 
 9.5997350486694710e-01  1.8697730739399194e+00  1.3815858135612068e+01 4.9171050014213156e-06 0.0000000000000000e+00 
 9.5997350486694710e-01  3.6418206651602221e+00  3.6418206651602221e+00 1.6306598396847352e-05 0.0000000000000000e+00 
 9.5997350486694710e-01  3.6418206651602221e+00  7.0932980809489461e+00 3.3641019925023483e-05 1.2715093221098452e+00 
 9.5997350486694710e-01  3.6418206651602221e+00  1.3815858135612068e+01 4.1810377749481937e-05 -1.4271760579510213e+00 
 9.5997350486694710e-01  7.0932980809489461e+00  7.0932980809489461e+00 7.1173462505636225e-05 -5.5831137817713039e-02 
 9.5997350486694710e-01  7.0932980809489461e+00  1.3815858135612068e+01 8.8939938875552373e-05 -2.1932583088800767e-01 
 9.5997350486694710e-01  1.3815858135612068e+01  1.3815858135612068e+01 1.1127983158912437e-04 4.6105853242559369e-01 
 1.8697730739399194e+00  1.8697730739399194e+00  1.8697730739399194e+00 1.7603945592594894e-04 3.3174563963577774e-01 
 1.8697730739399194e+00  1.8697730739399194e+00  3.6418206651602221e+00 1.0629312735205621e-03 -1.6074736008640524e+00 
 1.8697730739399194e+00  1.8697730739399194e+00  7.0932980809489461e+00 1.9233527456912810e-03 2.3185410931165005e+00 
 1.8697730739399194e+00  1.8697730739399194e+00  1.3815858135612068e+01 2.2911551576162456e-03 -1.8188889690094410e+00 
 1.8697730739399194e+00  3.6418206651602221e+00  3.6418206651602221e+00 6.5590334139346198e-03 2.3498981649587736e-01 
 1.8697730739399194e+00  3.6418206651602221e+00  7.0932980809489461e+00 1.1772602306664154e-02 2.1574450272610646e+00 
 1.8697730739399194e+00  3.6418206651602221e+00  1.3815858135612068e+01 1.3929764637509822e-02 3.2494652606809344e-04 
 1.8697730739399194e+00  7.0932980809489461e+00  7.0932980809489461e+00 2.1237617454905280e-02 6.7315539247934020e-01 
 1.8697730739399194e+00  7.0932980809489461e+00  1.3815858135612068e+01 2.5205128938021265e-02 -8.4464968830821929e-01 
 1.8697730739399194e+00  1.3815858135612068e+01  1.3815858135612068e+01 2.9974896363171365e-02 -1.6600948213216971e+00 
 3.6418206651602221e+00  3.6418206651602221e+00  3.6418206651602221e+00 3.3348843197210945e-02 -8.4101161694782745e-01 
 3.6418206651602221e+00  3.6418206651602221e+00  7.0932980809489461e+00 5.1767003293916425e-02 1.9185822534434105e-01 
 3.6418206651602221e+00  3.6418206651602221e+00  1.3815858135612068e+01 5.7839806446529946e-02 -1.4079946750199873e-01 
 3.6418206651602221e+00  7.0932980809489461e+00  7.0932980809489461e+00 7.2797708802643385e-02 -2.3170174536839405e-02 
 3.6418206651602221e+00  7.0932980809489461e+00  1.3815858135612068e+01 7.7894880745490114e-02 3.0031225740220469e-01 
 3.6418206651602221e+00  1.3815858135612068e+01  1.3815858135612068e+01 8.1669986826090307e-02 1.0385946226004952e+00 
 7.0932980809489461e+00  7.0932980809489461e+00  7.0932980809489461e+00 8.0580800881243794e-02 -6.8820343979978271e-01 
 7.0932980809489461e+00  7.0932980809489461e+00  1.3815858135612068e+01 7.5041061307844506e-02 2.2354153725632004e-02 
 7.0932980809489461e+00  1.3815858135612068e+01  1.3815858135612068e+01 6.2658440321976261e-02 6.0732940642214872e-01 
 1.3815858135612068e+01  1.3815858135612068e+01  1.3815858135612068e+01 4.0449167185805823e-02 -3.2862491458459292e-01 
 4.9286683121640795e-01  4.9286683121640795e-01  4.9286683121640795e-01 2.3979968808667287e-24 0.0000000000000000e+00 
 4.9286683121640795e-01  4.9286683121640795e-01  9.5997350486694710e-01 6.7081881910720182e-21 0.0000000000000000e+00 
 4.9286683121640795e-01  4.9286683121640795e-01  1.8697730739399194e+00 6.0738370034084346e-20 0.0000000000000000e+00 
 4.9286683121640795e-01  4.9286683121640795e-01  3.6418206651602221e+00 1.4663090572460466e-19 0.0000000000000000e+00 
 4.9286683121640795e-01  4.9286683121640795e-01  7.0932980809489461e+00 2.0742296787491702e-19 0.0000000000000000e+00 
 4.9286683121640795e-01  4.9286683121640795e-01  1.3815858135612068e+01 2.3012009495422250e-19 0.0000000000000000e+00 
 4.9286683121640795e-01  9.5997350486694710e-01  9.5997350486694710e-01 1.9176896878873414e-17 0.0000000000000000e+00 
 4.9286683121640795e-01  9.5997350486694710e-01  1.8697730739399194e+00 1.7939537815026387e-16 0.0000000000000000e+00 
 4.9286683121640795e-01  9.5997350486694710e-01  3.6418206651602221e+00 4.7652475362242200e-16 0.0000000000000000e+00 
 4.9286683121640795e-01  9.5997350486694710e-01  7.0932980809489461e+00 7.0617849040523434e-16 0.0000000000000000e+00 
 4.9286683121640795e-01  9.5997350486694710e-01  1.3815858135612068e+01 7.9424127096026927e-16 0.0000000000000000e+00 
 4.9286683121640795e-01  1.8697730739399194e+00  1.8697730739399194e+00 1.6818743138286931e-15 0.0000000000000000e+00 
 4.9286683121640795e-01  1.8697730739399194e+00  3.6418206651602221e+00 4.4376426121838127e-15 0.0000000000000000e+00 
 4.9286683121640795e-01  1.8697730739399194e+00  7.0932980809489461e+00 6.5941124298755277e-15 0.0000000000000000e+00 
 4.9286683121640795e-01  1.8697730739399194e+00  1.3815858135612068e+01 7.4308085946658180e-15 0.0000000000000000e+00 
 4.9286683121640795e-01  3.6418206651602221e+00  3.6418206651602221e+00 1.0952890227723700e-14 0.0000000000000000e+00 
 4.9286683121640795e-01  3.6418206651602221e+00  7.0932980809489461e+00 1.6166999057322360e-14 0.0000000000000000e+00 
 4.9286683121640795e-01  3.6418206651602221e+00  1.3815858135612068e+01 1.8291392282042344e-14 0.0000000000000000e+00 
 4.9286683121640795e-01  7.0932980809489461e+00  7.0932980809489461e+00 2.4263250985374049e-14 0.0000000000000000e+00 
 4.9286683121640795e-01  7.0932980809489461e+00  1.3815858135612068e+01 2.7701202006476402e-14 0.0000000000000000e+00 
 4.9286683121640795e-01  1.3815858135612068e+01  1.3815858135612068e+01 3.1751924249592004e-14 0.0000000000000000e+00 
 9.5997350486694710e-01  4.9286683121640795e-01  4.9286683121640795e-01 7.7122372439046222e-14 0.0000000000000000e+00 
 9.5997350486694710e-01  4.9286683121640795e-01  9.5997350486694710e-01 1.7764219267524634e-10 0.0000000000000000e+00 
 9.5997350486694710e-01  4.9286683121640795e-01  1.8697730739399194e+00 1.4617230688052191e-09 0.0000000000000000e+00 
 9.5997350486694710e-01  4.9286683121640795e-01  3.6418206651602221e+00 3.1322754786751114e-09 0.0000000000000000e+00 
 9.5997350486694710e-01  4.9286683121640795e-01  7.0932980809489461e+00 4.1875966731668189e-09 0.0000000000000000e+00 
 9.5997350486694710e-01  4.9286683121640795e-01  1.3815858135612068e+01 4.5683307998162852e-09 0.0000000000000000e+00 
 9.5997350486694710e-01  9.5997350486694710e-01  9.5997350486694710e-01 3.8222204637763874e-07 0.0000000000000000e+00 
 9.5997350486694710e-01  9.5997350486694710e-01  1.8697730739399194e+00 3.1719387718548691e-06 0.0000000000000000e+00 
 9.5997350486694710e-01  9.5997350486694710e-01  3.6418206651602221e+00 7.8341491633263946e-06 0.0000000000000000e+00 
 9.5997350486694710e-01  9.5997350486694710e-01  7.0932980809489461e+00 1.1316824651410993e-05 0.0000000000000000e+00 
 9.5997350486694710e-01  9.5997350486694710e-01  1.3815858135612068e+01 1.2635569971766336e-05 0.0000000000000000e+00 
 9.5997350486694710e-01  1.8697730739399194e+00  1.8697730739399194e+00 2.6830825896412182e-05 0.0000000000000000e+00 
 9.5997350486694710e-01  1.8697730739399194e+00  3.6418206651602221e+00 6.8653273150656426e-05 6.7131846387097949e-01 
 9.5997350486694710e-01  1.8697730739399194e+00  7.0932980809489461e+00 1.0139376968128024e-04 1.4562767492043782e-01 
 9.5997350486694710e-01  1.8697730739399194e+00  1.3815858135612068e+01 1.1405491933908665e-04 -1.6447040506861921e-01 
 9.5997350486694710e-01  3.6418206651602221e+00  3.6418206651602221e+00 1.6979899521570057e-04 -1.2154918841732925e+00 
 9.5997350486694710e-01  3.6418206651602221e+00  7.0932980809489461e+00 2.5192706088186974e-04 -2.2226640206049803e-01 
 9.5997350486694710e-01  3.6418206651602221e+00  1.3815858135612068e+01 2.8521883544486683e-04 1.0292555994273589e-02 
 9.5997350486694710e-01  7.0932980809489461e+00  7.0932980809489461e+00 3.8106653278882705e-04 3.1174970574881794e-01 
 9.5997350486694710e-01  7.0932980809489461e+00  1.3815858135612068e+01 4.3542429230915730e-04 1.2608313953947253e-01 
 9.5997350486694710e-01  1.3815858135612068e+01  1.3815858135612068e+01 4.9944398391857587e-04 -2.8201072900587887e-01 
 1.8697730739399194e+00  4.9286683121640795e-01  4.9286683121640795e-01 6.5525018251052261e-11 0.0000000000000000e+00 
 1.8697730739399194e+00  4.9286683121640795e-01  9.5997350486694710e-01 1.1541020419464272e-07 0.0000000000000000e+00 
 1.8697730739399194e+00  4.9286683121640795e-01  1.8697730739399194e+00 9.1045608610831270e-07 0.0000000000000000e+00 
 1.8697730739399194e+00  4.9286683121640795e-01  3.6418206651602221e+00 2.1745755985100385e-06 0.0000000000000000e+00 
 1.8697730739399194e+00  4.9286683121640795e-01  7.0932980809489461e+00 3.1874010927163285e-06 0.0000000000000000e+00 
 1.8697730739399194e+00  4.9286683121640795e-01  1.3815858135612068e+01 3.5881561513527118e-06 0.0000000000000000e+00 
 1.8697730739399194e+00  9.5997350486694710e-01  9.5997350486694710e-01 1.4243615810565681e-04 1.3420961533609852e+00 
 1.8697730739399194e+00  9.5997350486694710e-01  1.8697730739399194e+00 9.6093602950428748e-04 -2.1347396247578763e+00 
 1.8697730739399194e+00  9.5997350486694710e-01  3.6418206651602221e+00 2.2503313467620973e-03 -6.0513169341567241e-01 
 1.8697730739399194e+00  9.5997350486694710e-01  7.0932980809489461e+00 3.0934380984279845e-03 -2.5026997991239492e-02 
 1.8697730739399194e+00  9.5997350486694710e-01  1.3815858135612068e+01 3.3842709649086998e-03 4.1473873079440526e-01 
 1.8697730739399194e+00  1.8697730739399194e+00  1.8697730739399194e+00 6.8555543901700653e-03 -2.4374488427642889e+00 
 1.8697730739399194e+00  1.8697730739399194e+00  3.6418206651602221e+00 1.7030325777104859e-02 5.4086747331919582e-01 
 1.8697730739399194e+00  1.8697730739399194e+00  7.0932980809489461e+00 2.4194434861945183e-02 7.3426863483134586e-01 
 1.8697730739399194e+00  1.8697730739399194e+00  1.3815858135612068e+01 2.6802378514207477e-02 6.2317430303666888e-01 
 1.8697730739399194e+00  3.6418206651602221e+00  3.6418206651602221e+00 4.1552344138990442e-02 -1.1917462660091247e+00 
 1.8697730739399194e+00  3.6418206651602221e+00  7.0932980809489461e+00 6.0194478858904582e-02 6.3514037721952143e-01 
 1.8697730739399194e+00  3.6418206651602221e+00  1.3815858135612068e+01 6.7444719930874947e-02 7.9871326925170061e-01 
 1.8697730739399194e+00  7.0932980809489461e+00  7.0932980809489461e+00 8.9430879324194149e-02 1.3784195780547763e+00 
 1.8697730739399194e+00  7.0932980809489461e+00  1.3815858135612068e+01 1.0125340590114355e-01 6.0409553209840672e-01 
 1.8697730739399194e+00  1.3815858135612068e+01  1.3815858135612068e+01 1.1509851058022538e-01 -6.1909917536861492e-01 
 3.6418206651602221e+00  4.9286683121640795e-01  4.9286683121640795e-01 4.1855670253428529e-10 0.0000000000000000e+00 
 3.6418206651602221e+00  4.9286683121640795e-01  9.5997350486694710e-01 6.7418723070038220e-07 0.0000000000000000e+00 
 3.6418206651602221e+00  4.9286683121640795e-01  1.8697730739399194e+00 5.4713303203545310e-06 0.0000000000000000e+00 
 3.6418206651602221e+00  4.9286683121640795e-01  3.6418206651602221e+00 1.5398807504587418e-05 0.0000000000000000e+00 
 3.6418206651602221e+00  4.9286683121640795e-01  7.0932980809489461e+00 2.4967992085076908e-05 0.0000000000000000e+00 
 3.6418206651602221e+00  4.9286683121640795e-01  1.3815858135612068e+01 2.9010351467952281e-05 0.0000000000000000e+00 
 3.6418206651602221e+00  9.5997350486694710e-01  9.5997350486694710e-01 5.7548245620886061e-04 -1.3732915509323989e+00 
 3.6418206651602221e+00  9.5997350486694710e-01  1.8697730739399194e+00 3.0565520750233405e-03 3.1376352657723858e+00 
 3.6418206651602221e+00  9.5997350486694710e-01  3.6418206651602221e+00 7.7523867410170923e-03 -1.5400738208529965e+00 
 3.6418206651602221e+00  9.5997350486694710e-01  7.0932980809489461e+00 1.1145443864172927e-02 -3.4953749792006328e-01 
 3.6418206651602221e+00  9.5997350486694710e-01  1.3815858135612068e+01 1.2349231967856188e-02 -7.9840373015738902e-02 
 3.6418206651602221e+00  1.8697730739399194e+00  1.8697730739399194e+00 1.6869667817524872e-02 4.4139460844791465e+00 
 3.6418206651602221e+00  1.8697730739399194e+00  3.6418206651602221e+00 4.3025743298901291e-02 7.2318625350019239e-01 
 3.6418206651602221e+00  1.8697730739399194e+00  7.0932980809489461e+00 5.8587985627061773e-02 1.2826654568560454e+00 
 3.6418206651602221e+00  1.8697730739399194e+00  1.3815858135612068e+01 6.3450095496848186e-02 1.7668588395673563e+00 
 3.6418206651602221e+00  3.6418206651602221e+00  3.6418206651602221e+00 1.0564035332721060e-01 -2.5551607854584804e+00 
 3.6418206651602221e+00  3.6418206651602221e+00  7.0932980809489461e+00 1.4637948545653731e-01 -7.0915802601289002e-01 
 3.6418206651602221e+00  3.6418206651602221e+00  1.3815858135612068e+01 1.6035742694313171e-01 -6.1396651511818989e-01 
 3.6418206651602221e+00  7.0932980809489461e+00  7.0932980809489461e+00 2.0475365022885428e-01 6.1833006771267285e-01 
 3.6418206651602221e+00  7.0932980809489461e+00  1.3815858135612068e+01 2.2483413693432305e-01 6.3153135361179669e-02 
 3.6418206651602221e+00  1.3815858135612068e+01  1.3815858135612068e+01 2.4692822399698205e-01 -7.4209826538588564e-01 
 7.0932980809489461e+00  4.9286683121640795e-01  4.9286683121640795e-01 6.8750890464807696e-10 0.0000000000000000e+00 
 7.0932980809489461e+00  4.9286683121640795e-01  9.5997350486694710e-01 1.0859420322171397e-06 0.0000000000000000e+00 
 7.0932980809489461e+00  4.9286683121640795e-01  1.8697730739399194e+00 8.9934798703553765e-06 0.0000000000000000e+00 
 7.0932980809489461e+00  4.9286683121640795e-01  3.6418206651602221e+00 2.7786807406737885e-05 0.0000000000000000e+00 
 7.0932980809489461e+00  4.9286683121640795e-01  7.0932980809489461e+00 4.7646600110378793e-05 8.2651778396575737e-01 
 7.0932980809489461e+00  4.9286683121640795e-01  1.3815858135612068e+01 5.6353715541337764e-05 7.3080469455315725e-02 
 7.0932980809489461e+00  9.5997350486694710e-01  9.5997350486694710e-01 8.3401139313814580e-04 -1.0062004573567365e-01 
 7.0932980809489461e+00  9.5997350486694710e-01  1.8697730739399194e+00 4.0087410207958127e-03 6.2800018240509559e-01 
 7.0932980809489461e+00  9.5997350486694710e-01  3.6418206651602221e+00 1.1215354001317075e-02 -9.4769481454103544e-01 
 7.0932980809489461e+00  9.5997350486694710e-01  7.0932980809489461e+00 1.7231775807542891e-02 1.1538252161306375e+00 
 7.0932980809489461e+00  9.5997350486694710e-01  1.3815858135612068e+01 1.9568027407364828e-02 1.0865892486750226e+00 
 7.0932980809489461e+00  1.8697730739399194e+00  1.8697730739399194e+00 1.8002769011350644e-02 1.8576626767104712e-01 
 7.0932980809489461e+00  1.8697730739399194e+00  3.6418206651602221e+00 4.6129627474692660e-02 1.9802925691460895e+00 
 7.0932980809489461e+00  1.8697730739399194e+00  7.0932980809489461e+00 5.8305061144591483e-02 1.6595979607617353e+00 
 7.0932980809489461e+00  1.8697730739399194e+00  1.3815858135612068e+01 6.0568397453854686e-02 1.2130133222584150e+00 
 7.0932980809489461e+00  3.6418206651602221e+00  3.6418206651602221e+00 1.0858934610794052e-01 -8.1218180715239374e-01 
 7.0932980809489461e+00  3.6418206651602221e+00  7.0932980809489461e+00 1.3413214508137822e-01 2.0001414345433319e-01 
 7.0932980809489461e+00  3.6418206651602221e+00  1.3815858135612068e+01 1.3824199185374564e-01 2.6669379034230490e-02 
 7.0932980809489461e+00  7.0932980809489461e+00  7.0932980809489461e+00 1.5693147704444363e-01 7.6467209624609123e-01 
 7.0932980809489461e+00  7.0932980809489461e+00  1.3815858135612068e+01 1.5602166242467225e-01 3.3844916735270264e-02 
 7.0932980809489461e+00  1.3815858135612068e+01  1.3815858135612068e+01 1.5123109547696639e-01 -8.9795879980026361e-01 
 1.3815858135612068e+01  4.9286683121640795e-01  4.9286683121640795e-01 7.8402125814237276e-10 0.0000000000000000e+00 
 1.3815858135612068e+01  4.9286683121640795e-01  9.5997350486694710e-01 1.2325727004409928e-06 0.0000000000000000e+00 
 1.3815858135612068e+01  4.9286683121640795e-01  1.8697730739399194e+00 1.0280011557495781e-05 0.0000000000000000e+00 
 1.3815858135612068e+01  4.9286683121640795e-01  3.6418206651602221e+00 3.2817665282898779e-05 1.5163603433849211e+00 
 1.3815858135612068e+01  4.9286683121640795e-01  7.0932980809489461e+00 5.7357421683737739e-05 -7.7666724711693724e-01 
 1.3815858135612068e+01  4.9286683121640795e-01  1.3815858135612068e+01 6.8247977785999641e-05 -1.4444711499246248e+00 
 1.3815858135612068e+01  9.5997350486694710e-01  9.5997350486694710e-01 9.2224781712894215e-04 3.1087070199263789e-01 
 1.3815858135612068e+01  9.5997350486694710e-01  1.8697730739399194e+00 4.3223774782757589e-03 -1.7324360636948883e+00 
 1.3815858135612068e+01  9.5997350486694710e-01  3.6418206651602221e+00 1.2547482869538365e-02 -1.6930006223084333e+00 
 1.3815858135612068e+01  9.5997350486694710e-01  7.0932980809489461e+00 1.9752968402893110e-02 3.9399562542693545e-01 
 1.3815858135612068e+01  9.5997350486694710e-01  1.3815858135612068e+01 2.2643017545977123e-02 8.9913356215877802e-02 
 1.3815858135612068e+01  1.8697730739399194e+00  1.8697730739399194e+00 1.7994664586687015e-02 -2.9851085017960290e+00 
 1.3815858135612068e+01  1.8697730739399194e+00  3.6418206651602221e+00 4.5360723768932840e-02 1.6849213886122174e+00 
 1.3815858135612068e+01  1.8697730739399194e+00  7.0932980809489461e+00 5.4570701863292194e-02 -9.0036824069782351e-01 
 1.3815858135612068e+01  1.8697730739399194e+00  1.3815858135612068e+01 5.5299360137809395e-02 -3.3037170354723249e+00 
 1.3815858135612068e+01  3.6418206651602221e+00  3.6418206651602221e+00 1.0207704893078541e-01 -6.8812899296255325e-01 
 1.3815858135612068e+01  3.6418206651602221e+00  7.0932980809489461e+00 1.1446004161731803e-01 1.8720999031253813e-01 
 1.3815858135612068e+01  3.6418206651602221e+00  1.3815858135612068e+01 1.1125102337031013e-01 -2.7940631539108235e-01 
 1.3815858135612068e+01  7.0932980809489461e+00  7.0932980809489461e+00 1.1017667803878298e-01 1.3227446670064695e+00 
 1.3815858135612068e+01  7.0932980809489461e+00  1.3815858135612068e+01 9.4739253229596310e-02 4.5963392800316627e-01 
 1.3815858135612068e+01  1.3815858135612068e+01  1.3815858135612068e+01 7.1774006464549872e-02 -8.1430874301095013e-01 
 4.9286683121640795e-01  4.9286683121640795e-01  4.9286683121640795e-01 1.3047410095685629e-20 0.0000000000000000e+00 
 4.9286683121640795e-01  4.9286683121640795e-01  9.5997350486694710e-01 1.1643346089266904e-12 0.0000000000000000e+00 
 4.9286683121640795e-01  4.9286683121640795e-01  1.8697730739399194e+00 2.1407160971798477e-10 0.0000000000000000e+00 
 4.9286683121640795e-01  4.9286683121640795e-01  3.6418206651602221e+00 8.6439221885864566e-10 0.0000000000000000e+00 
 4.9286683121640795e-01  4.9286683121640795e-01  7.0932980809489461e+00 1.2513719946172446e-09 0.0000000000000000e+00 
 4.9286683121640795e-01  4.9286683121640795e-01  1.3815858135612068e+01 1.3797880457862080e-09 0.0000000000000000e+00 
 4.9286683121640795e-01  9.5997350486694710e-01  4.9286683121640795e-01 2.7260915749296976e-17 0.0000000000000000e+00 
 4.9286683121640795e-01  9.5997350486694710e-01  9.5997350486694710e-01 2.5590131129402704e-09 0.0000000000000000e+00 
 4.9286683121640795e-01  9.5997350486694710e-01  1.8697730739399194e+00 5.0416187390913576e-07 0.0000000000000000e+00 
 4.9286683121640795e-01  9.5997350486694710e-01  3.6418206651602221e+00 2.0773024402228679e-06 0.0000000000000000e+00 
 4.9286683121640795e-01  9.5997350486694710e-01  7.0932980809489461e+00 3.0232363453532468e-06 0.0000000000000000e+00 
 4.9286683121640795e-01  9.5997350486694710e-01  1.3815858135612068e+01 3.3381041394408761e-06 0.0000000000000000e+00 
 4.9286683121640795e-01  1.8697730739399194e+00  4.9286683121640795e-01 2.0275364534228697e-16 0.0000000000000000e+00 
 4.9286683121640795e-01  1.8697730739399194e+00  9.5997350486694710e-01 2.1804150985121429e-08 0.0000000000000000e+00 
 4.9286683121640795e-01  1.8697730739399194e+00  1.8697730739399194e+00 4.7234020763506529e-06 0.0000000000000000e+00 
 4.9286683121640795e-01  1.8697730739399194e+00  3.6418206651602221e+00 2.0258445892626097e-05 0.0000000000000000e+00 
 4.9286683121640795e-01  1.8697730739399194e+00  7.0932980809489461e+00 2.9983056898202018e-05 0.0000000000000000e+00 
 4.9286683121640795e-01  1.8697730739399194e+00  1.3815858135612068e+01 3.3289746121470908e-05 3.5099204599344175e-01 
 4.9286683121640795e-01  3.6418206651602221e+00  4.9286683121640795e-01 3.5499808023679238e-16 0.0000000000000000e+00 
 4.9286683121640795e-01  3.6418206651602221e+00  9.5997350486694710e-01 4.3926582231392883e-08 0.0000000000000000e+00 
 4.9286683121640795e-01  3.6418206651602221e+00  1.8697730739399194e+00 1.0401816792298425e-05 0.0000000000000000e+00 
 4.9286683121640795e-01  3.6418206651602221e+00  3.6418206651602221e+00 4.9500802242889501e-05 -3.6245705646249282e-01 
 4.9286683121640795e-01  3.6418206651602221e+00  7.0932980809489461e+00 7.9143762694032385e-05 -3.8365966974088345e-01 
 4.9286683121640795e-01  3.6418206651602221e+00  1.3815858135612068e+01 9.0474179908187226e-05 -4.4808686741456033e-01 
 4.9286683121640795e-01  7.0932980809489461e+00  4.9286683121640795e-01 4.3298305272305454e-16 0.0000000000000000e+00 
 4.9286683121640795e-01  7.0932980809489461e+00  9.5997350486694710e-01 5.7358941705500990e-08 0.0000000000000000e+00 
 4.9286683121640795e-01  7.0932980809489461e+00  1.8697730739399194e+00 1.4282569939278431e-05 0.0000000000000000e+00 
 4.9286683121640795e-01  7.0932980809489461e+00  3.6418206651602221e+00 7.3442703711217898e-05 -2.3251863671058517e-01 
 4.9286683121640795e-01  7.0932980809489461e+00  7.0932980809489461e+00 1.2443773775364108e-04 2.5472721661332676e-01 
 4.9286683121640795e-01  7.0932980809489461e+00  1.3815858135612068e+01 1.4528995130563564e-04 1.7853815959232189e-01 
 4.9286683121640795e-01  1.3815858135612068e+01  4.9286683121640795e-01 4.6222180878054293e-16 0.0000000000000000e+00 
 4.9286683121640795e-01  1.3815858135612068e+01  9.5997350486694710e-01 6.2285172950375553e-08 0.0000000000000000e+00 
 4.9286683121640795e-01  1.3815858135612068e+01  1.8697730739399194e+00 1.5752039504224806e-05 0.0000000000000000e+00 
 4.9286683121640795e-01  1.3815858135612068e+01  3.6418206651602221e+00 8.3174355695173145e-05 -2.5465052780889064e-01 
 4.9286683121640795e-01  1.3815858135612068e+01  7.0932980809489461e+00 1.4370775537545275e-04 2.5203813027926020e-01 
 4.9286683121640795e-01  1.3815858135612068e+01  1.3815858135612068e+01 1.6895876121761111e-04 1.3777906077189547e-01 
 9.5997350486694710e-01  9.5997350486694710e-01  4.9286683121640795e-01 3.6283931319867184e-14 0.0000000000000000e+00 
 9.5997350486694710e-01  9.5997350486694710e-01  9.5997350486694710e-01 2.6558842785730523e-06 0.0000000000000000e+00 
 9.5997350486694710e-01  9.5997350486694710e-01  1.8697730739399194e+00 3.7576472561241624e-04 1.4741747992035567e-01 
 9.5997350486694710e-01  9.5997350486694710e-01  3.6418206651602221e+00 1.2779532345361939e-03 6.2419297833830123e-01 
 9.5997350486694710e-01  9.5997350486694710e-01  7.0932980809489461e+00 1.7392405021987428e-03 -2.3644938967342127e-01 
 9.5997350486694710e-01  9.5997350486694710e-01  1.3815858135612068e+01 1.8838361658703538e-03 -6.1083010594843623e-01 
 9.5997350486694710e-01  1.8697730739399194e+00  4.9286683121640795e-01 1.9611388075312525e-13 0.0000000000000000e+00 
 9.5997350486694710e-01  1.8697730739399194e+00  9.5997350486694710e-01 1.4808624878799349e-05 0.0000000000000000e+00 
 9.5997350486694710e-01  1.8697730739399194e+00  1.8697730739399194e+00 2.1625146522850380e-03 -1.6294837437298586e+00 
 9.5997350486694710e-01  1.8697730739399194e+00  3.6418206651602221e+00 7.5104516610806256e-03 1.2084256843380516e+00 
 9.5997350486694710e-01  1.8697730739399194e+00  7.0932980809489461e+00 1.0345506215704917e-02 6.1234302909976934e-01 
 9.5997350486694710e-01  1.8697730739399194e+00  1.3815858135612068e+01 1.1255233566796698e-02 2.8274987685166220e-01 
 9.5997350486694710e-01  3.6418206651602221e+00  4.9286683121640795e-01 3.0229318676897640e-13 0.0000000000000000e+00 
 9.5997350486694710e-01  3.6418206651602221e+00  9.5997350486694710e-01 2.5063028854594333e-05 0.0000000000000000e+00 
 9.5997350486694710e-01  3.6418206651602221e+00  1.8697730739399194e+00 4.1883315645481782e-03 -1.1330054020024050e-01 
 9.5997350486694710e-01  3.6418206651602221e+00  3.6418206651602221e+00 1.6987895417813391e-02 1.1466954952409432e+00 
 9.5997350486694710e-01  3.6418206651602221e+00  7.0932980809489461e+00 2.5832110981780645e-02 -6.0762332717038563e-02 
 9.5997350486694710e-01  3.6418206651602221e+00  1.3815858135612068e+01 2.9110409115164475e-02 -5.3755446953330122e-01 
 9.5997350486694710e-01  7.0932980809489461e+00  4.9286683121640795e-01 3.5252549216075768e-13 0.0000000000000000e+00 
 9.5997350486694710e-01  7.0932980809489461e+00  9.5997350486694710e-01 3.0864910418746320e-05 0.0000000000000000e+00 
 9.5997350486694710e-01  7.0932980809489461e+00  1.8697730739399194e+00 5.5292676341048884e-03 1.8545168269364698e-01 
 9.5997350486694710e-01  7.0932980809489461e+00  3.6418206651602221e+00 2.4645914919937100e-02 1.1148802386764511e+00 
 9.5997350486694710e-01  7.0932980809489461e+00  7.0932980809489461e+00 3.9859786703317801e-02 4.7026254434025550e-01 
 9.5997350486694710e-01  7.0932980809489461e+00  1.3815858135612068e+01 4.5907853891972904e-02 3.1647259234332387e-01 
 9.5997350486694710e-01  1.3815858135612068e+01  4.9286683121640795e-01 3.7065352091848508e-13 0.0000000000000000e+00 
 9.5997350486694710e-01  1.3815858135612068e+01  9.5997350486694710e-01 3.2964553347912533e-05 4.3593074435518400e-03 
 9.5997350486694710e-01  1.3815858135612068e+01  1.8697730739399194e+00 6.0211088759265915e-03 -1.8131137011435991e-01 
 9.5997350486694710e-01  1.3815858135612068e+01  3.6418206651602221e+00 2.7654394793995552e-02 2.0861051079041892e-01 
 9.5997350486694710e-01  1.3815858135612068e+01  7.0932980809489461e+00 4.5633396458838862e-02 -4.2733957808035172e-01 
 9.5997350486694710e-01  1.3815858135612068e+01  1.3815858135612068e+01 5.2936367506167925e-02 -4.8645296738539268e-01 
 1.8697730739399194e+00  1.8697730739399194e+00  4.9286683121640795e-01 7.0235105072123519e-13 0.0000000000000000e+00 
 1.8697730739399194e+00  1.8697730739399194e+00  9.5997350486694710e-01 5.1057470616051367e-05 5.8015733487563192e-01 
 1.8697730739399194e+00  1.8697730739399194e+00  1.8697730739399194e+00 7.1214784551945857e-03 2.3470761211625404e-01 
 1.8697730739399194e+00  1.8697730739399194e+00  3.6418206651602221e+00 2.4822474207101992e-02 7.7694962749004992e-01 
 1.8697730739399194e+00  1.8697730739399194e+00  7.0932980809489461e+00 3.4969420544994974e-02 6.6684005170973740e-02 
 1.8697730739399194e+00  1.8697730739399194e+00  1.3815858135612068e+01 3.8448479170284634e-02 -2.6848510372669604e-01 
 1.8697730739399194e+00  3.6418206651602221e+00  4.9286683121640795e-01 8.2575875977387241e-13 0.0000000000000000e+00 
 1.8697730739399194e+00  3.6418206651602221e+00  9.5997350486694710e-01 6.3293986448599378e-05 -1.4268551336273378e+00 
 1.8697730739399194e+00  3.6418206651602221e+00  1.8697730739399194e+00 1.0237052741844620e-02 -7.9980497695351360e-01 
 1.8697730739399194e+00  3.6418206651602221e+00  3.6418206651602221e+00 4.4232391881580249e-02 -1.5343604366562051e+00 
 1.8697730739399194e+00  3.6418206651602221e+00  7.0932980809489461e+00 6.9879099878964582e-02 -1.6850447940564304e+00 
 1.8697730739399194e+00  3.6418206651602221e+00  1.3815858135612068e+01 7.9626732526522276e-02 -1.7840751265550614e+00 
 1.8697730739399194e+00  7.0932980809489461e+00  4.9286683121640795e-01 8.5918337295625714e-13 0.0000000000000000e+00 
 1.8697730739399194e+00  7.0932980809489461e+00  9.5997350486694710e-01 6.8766579139980220e-05 -2.0036956898292084e+00 
 1.8697730739399194e+00  7.0932980809489461e+00  1.8697730739399194e+00 1.1776561627956785e-02 2.7110915057850061e-02 
 1.8697730739399194e+00  7.0932980809489461e+00  3.6418206651602221e+00 5.3764455595920330e-02 -4.4468472830897549e-01 
 1.8697730739399194e+00  7.0932980809489461e+00  7.0932980809489461e+00 8.6628337042069070e-02 5.5817115820407659e-01 
 1.8697730739399194e+00  7.0932980809489461e+00  1.3815858135612068e+01 9.9191910437203740e-02 1.1924910405748637e+00 
 1.8697730739399194e+00  1.3815858135612068e+01  4.9286683121640795e-01 8.6885120560009258e-13 0.0000000000000000e+00 
 1.8697730739399194e+00  1.3815858135612068e+01  9.5997350486694710e-01 7.0588977995130121e-05 2.8276351472164194e+00 
 1.8697730739399194e+00  1.3815858135612068e+01  1.8697730739399194e+00 1.2217012664551328e-02 1.1065009088753202e+00 
 1.8697730739399194e+00  1.3815858135612068e+01  3.6418206651602221e+00 5.6253128390794285e-02 -1.0872866799504479e+00 
 1.8697730739399194e+00  1.3815858135612068e+01  7.0932980809489461e+00 9.1030811459881830e-02 4.3448311913809316e-02 
 1.8697730739399194e+00  1.3815858135612068e+01  1.3815858135612068e+01 1.0441156333995352e-01 1.0154824785374585e+00 
 3.6418206651602221e+00  3.6418206651602221e+00  4.9286683121640795e-01 7.1991372933664798e-13 0.0000000000000000e+00 
 3.6418206651602221e+00  3.6418206651602221e+00  9.5997350486694710e-01 6.0648353476132641e-05 1.5123401379499237e+00 
 3.6418206651602221e+00  3.6418206651602221e+00  1.8697730739399194e+00 1.4208003828505756e-02 2.5754630749097446e-01 
 3.6418206651602221e+00  3.6418206651602221e+00  3.6418206651602221e+00 8.2797215534689897e-02 -5.0189986989373235e-02 
 3.6418206651602221e+00  3.6418206651602221e+00  7.0932980809489461e+00 1.4709622001299147e-01 -4.0305992401475482e-01 
 3.6418206651602221e+00  3.6418206651602221e+00  1.3815858135612068e+01 1.7374721128959833e-01 -9.4234912324934406e-01 
 3.6418206651602221e+00  7.0932980809489461e+00  4.9286683121640795e-01 5.9364246254683293e-13 0.0000000000000000e+00 
 3.6418206651602221e+00  7.0932980809489461e+00  9.5997350486694710e-01 5.5181884874345705e-05 -2.4176830220596659e+00 
 3.6418206651602221e+00  7.0932980809489461e+00  1.8697730739399194e+00 1.4662962007931464e-02 -3.7590324973442606e-02 
 3.6418206651602221e+00  7.0932980809489461e+00  3.6418206651602221e+00 8.9299358599220155e-02 1.0237185907192186e+00 
 3.6418206651602221e+00  7.0932980809489461e+00  7.0932980809489461e+00 1.6089990495663661e-01 9.0531209629096887e-01 
 3.6418206651602221e+00  7.0932980809489461e+00  1.3815858135612068e+01 1.9087253796223067e-01 3.4087221311217797e-01 
 3.6418206651602221e+00  1.3815858135612068e+01  4.9286683121640795e-01 5.3661521682958566e-13 0.0000000000000000e+00 
 3.6418206651602221e+00  1.3815858135612068e+01  9.5997350486694710e-01 5.1581918159964114e-05 6.8331619311002612e-01 
 3.6418206651602221e+00  1.3815858135612068e+01  1.8697730739399194e+00 1.4053127918378271e-02 -1.6716406451799506e-01 
 3.6418206651602221e+00  1.3815858135612068e+01  3.6418206651602221e+00 8.5957504752840086e-02 3.7601156323111951e-01 
 3.6418206651602221e+00  1.3815858135612068e+01  7.0932980809489461e+00 1.5492074556267008e-01 3.3721715326756430e-01 
 3.6418206651602221e+00  1.3815858135612068e+01  1.3815858135612068e+01 1.8378987833044724e-01 -1.5774107118851530e-01 
 7.0932980809489461e+00  7.0932980809489461e+00  4.9286683121640795e-01 3.5536029661613158e-13 0.0000000000000000e+00 
 7.0932980809489461e+00  7.0932980809489461e+00  9.5997350486694710e-01 3.8522230392337574e-05 3.9958954050936057e-01 
 7.0932980809489461e+00  7.0932980809489461e+00  1.8697730739399194e+00 1.1565142717505580e-02 -5.1727799882015546e-01 
 7.0932980809489461e+00  7.0932980809489461e+00  3.6418206651602221e+00 7.3083288336334748e-02 6.2759588398012067e-01 
 7.0932980809489461e+00  7.0932980809489461e+00  7.0932980809489461e+00 1.3417184779638047e-01 8.2122145226426291e-01 
 7.0932980809489461e+00  7.0932980809489461e+00  1.3815858135612068e+01 1.6022625534129115e-01 2.1680626517021065e-01 
 7.0932980809489461e+00  1.3815858135612068e+01  4.9286683121640795e-01 2.4858853283374418e-13 0.0000000000000000e+00 
 7.0932980809489461e+00  1.3815858135612068e+01  9.5997350486694710e-01 2.8238495071838294e-05 0.0000000000000000e+00 
 7.0932980809489461e+00  1.3815858135612068e+01  1.8697730739399194e+00 8.6611103645914019e-03 -2.3426952477914825e-01 
 7.0932980809489461e+00  1.3815858135612068e+01  3.6418206651602221e+00 5.4939484869704736e-02 -5.4831411616199636e-02 
 7.0932980809489461e+00  1.3815858135612068e+01  7.0932980809489461e+00 1.0108569980456504e-01 1.9086506401665590e-01 
 7.0932980809489461e+00  1.3815858135612068e+01  1.3815858135612068e+01 1.2082091241782517e-01 -3.7169718823832815e-01 
 1.3815858135612068e+01  1.3815858135612068e+01  4.9286683121640795e-01 1.1807129418165874e-13 0.0000000000000000e+00 
 1.3815858135612068e+01  1.3815858135612068e+01  9.5997350486694710e-01 1.4062584772066902e-05 0.0000000000000000e+00 
 1.3815858135612068e+01  1.3815858135612068e+01  1.8697730739399194e+00 4.4016411873542402e-03 5.8776302441503592e-01 
 1.3815858135612068e+01  1.3815858135612068e+01  3.6418206651602221e+00 2.8073436863040837e-02 -6.9435509648261617e-01 
 1.3815858135612068e+01  1.3815858135612068e+01  7.0932980809489461e+00 5.1861529422846692e-02 -4.4613757462251558e-01 
 1.3815858135612068e+01  1.3815858135612068e+01  1.3815858135612068e+01 6.2081156750550939e-02 -9.7540532865316842e-01
# pair infor: O-O  O-Si # two body set: {eta, Rs, scales, coefs} centered order
# triplet infor: O-OO  O-OSi O-SiSi # three body set: {eta1, eta2, eta3, scales, coefs} centered order
O
Si O
60 60
56 126 126
 4.9286683121640795e-01  0.0000000000000000e+00 3.4769639629577823e-12 0.0000000000000000e+00 
 6.0198890705338348e-01  0.0000000000000000e+00 1.6077345895275394e-08 0.0000000000000000e+00 
 7.3527091145682877e-01  0.0000000000000000e+00 5.2620520774936293e-06 0.0000000000000000e+00 
 8.9806191924831269e-01  0.0000000000000000e+00 2.8193517559118420e-04 0.0000000000000000e+00 
 1.0968953051685049e+00  0.0000000000000000e+00 4.3006860045054140e-03 0.0000000000000000e+00 
 1.3397509511457530e+00  0.0000000000000000e+00 2.7022093226224508e-02 -7.1555642239379058e-01 
 1.6363755069771337e+00  0.0000000000000000e+00 9.0905077542341062e-02 1.8099243166422782e-03 
 1.9986735576076173e+00  0.0000000000000000e+00 2.0041373034363177e-01 2.1683058953003226e-01 
 2.4411853959237431e+00  0.0000000000000000e+00 3.4218729800790049e-01 3.6440637902836331e-01 
 2.9816705757615862e+00  0.0000000000000000e+00 5.1037574045814904e-01 2.1485656365709666e-01 
 3.6418206651602234e+00  0.0000000000000000e+00 7.0255333577160228e-01 -2.7557365289276443e-02 
 4.4481298051514013e+00  0.0000000000000000e+00 9.0501676355719585e-01 -1.7760237874445722e-01 
 5.4329580126663801e+00  0.0000000000000000e+00 1.0977630054654959e+00 -2.1169739706289983e-01 
 6.6358299016391111e+00  0.0000000000000000e+00 1.2651387598403427e+00 -1.6795422726845119e-01 
 8.1050209445437389e+00  0.0000000000000000e+00 1.4001688672374242e+00 -8.9785506855629069e-02 
 9.8994949366116671e+00  0.0000000000000000e+00 1.5032333861709155e+00 -7.1790857391026896e-03 
 1.2091270419970126e+01  0.0000000000000000e+00 1.5788051583761535e+00 6.4939593195064607e-02 
 1.4768311040611987e+01  0.0000000000000000e+00 1.6326697784790087e+00 1.2192470299755807e-01 
 1.8038055838370770e+01  0.0000000000000000e+00 1.6703146480633375e+00 1.6437912724389656e-01 
 2.2031731152833213e+01  0.0000000000000000e+00 1.6962712105653246e+00 1.9486959336613610e-01 
 4.9286683121640795e-01  2.5000000000000000e+00 1.2262844316973127e+00 3.9438868663494234e-02 
 6.0198890705338348e-01  2.5000000000000000e+00 1.2276615720429220e+00 5.0735603536402141e-01 
 7.3527091145682877e-01  2.5000000000000000e+00 1.1982495110425151e+00 -2.3012384812029141e-01 
 8.9806191924831269e-01  2.5000000000000000e+00 1.1544663402071949e+00 -1.7272676603862758e+00 
 1.0968953051685049e+00  2.5000000000000000e+00 1.1218388195633531e+00 -7.2202071886276820e-01 
 1.3397509511457530e+00  2.5000000000000000e+00 1.1251452698743400e+00 9.6675397306978672e-01 
 1.6363755069771337e+00  2.5000000000000000e+00 1.1715884244079877e+00 9.1278489906147808e-01 
 1.9986735576076173e+00  2.5000000000000000e+00 1.2482560860409357e+00 1.6691289300835574e-01 
 2.4411853959237431e+00  2.5000000000000000e+00 1.3374356897893105e+00 -2.6164432448501845e-01 
 2.9816705757615862e+00  2.5000000000000000e+00 1.4258473158052316e+00 -3.9117735601344483e-01 
 3.6418206651602234e+00  2.5000000000000000e+00 1.5050834488198812e+00 -3.8316257561674716e-01 
 4.4481298051514013e+00  2.5000000000000000e+00 1.5708717045803537e+00 -3.0836628197016541e-01 
 5.4329580126663801e+00  2.5000000000000000e+00 1.6223315832414884e+00 -2.0390082680370725e-01 
 6.6358299016391111e+00  2.5000000000000000e+00 1.6608017868342164e+00 -9.6613955903871229e-02 
 8.1050209445437389e+00  2.5000000000000000e+00 1.6886215788111805e+00 -2.3654713397668324e-03 
 9.8994949366116671e+00  2.5000000000000000e+00 1.7082681563658655e+00 7.2959531504059885e-02 
 1.2091270419970126e+01  2.5000000000000000e+00 1.7219144863772271e+00 1.2964559829690978e-01 
 1.4768311040611987e+01  2.5000000000000000e+00 1.7312852193498147e+00 1.7066979948795774e-01 
 1.8038055838370770e+01  2.5000000000000000e+00 1.7376698095308563e+00 1.9960681008978104e-01 
 2.2031731152833213e+01  2.5000000000000000e+00 1.7419967844829778e+00 2.1967424574382299e-01 
 4.9286683121640795e-01  5.0000000000000000e+00 1.1427361669946969e+00 2.5781505367085278e-01 
 6.0198890705338348e-01  5.0000000000000000e+00 1.1428559049574167e+00 -6.5763406091146670e-01 
 7.3527091145682877e-01  5.0000000000000000e+00 1.1344819130654837e+00 -1.7803450010587304e-01 
 8.9806191924831269e-01  5.0000000000000000e+00 1.1243870002199869e+00 8.5437931982330850e-01 
 1.0968953051685049e+00  5.0000000000000000e+00 1.1318097886056857e+00 7.8049316148828429e-01 
 1.3397509511457530e+00  5.0000000000000000e+00 1.1751037254526171e+00 4.3968896904471484e-02 
 1.6363755069771337e+00  5.0000000000000000e+00 1.2478878724557900e+00 -5.2414806857803586e-01 
 1.9986735576076173e+00  5.0000000000000000e+00 1.3305721148030543e+00 -7.0176162944426812e-01 
 2.4411853959237431e+00  5.0000000000000000e+00 1.4116316234339916e+00 -6.2057516454544459e-01 
 2.9816705757615862e+00  5.0000000000000000e+00 1.4865122874406123e+00 -4.4112780161650195e-01 
 3.6418206651602234e+00  5.0000000000000000e+00 1.5519706835116680e+00 -2.5758501473313566e-01 
 4.4481298051514013e+00  5.0000000000000000e+00 1.6057818411829272e+00 -1.0626622357929053e-01 
 5.4329580126663801e+00  5.0000000000000000e+00 1.6476099757897775e+00 7.0033083273499230e-03 
 6.6358299016391111e+00  5.0000000000000000e+00 1.6787169281413581e+00 8.7757776388024511e-02 
 8.1050209445437389e+00  5.0000000000000000e+00 1.7011134121573470e+00 1.4385667423046897e-01 
 9.8994949366116671e+00  5.0000000000000000e+00 1.7168748979824573e+00 1.8227264453834949e-01 
 1.2091270419970126e+01  5.0000000000000000e+00 1.7277939080928868e+00 2.0836419404276041e-01 
 1.4768311040611987e+01  5.0000000000000000e+00 1.7352775263302833e+00 2.2599912906738123e-01 
 1.8038055838370770e+01  5.0000000000000000e+00 1.7403694843870221e+00 2.3788299955759951e-01 
 2.2031731152833213e+01  5.0000000000000000e+00 1.7438171803557914e+00 2.4587647180229638e-01 
 4.9286683121640795e-01  0.0000000000000000e+00 1.0014378127226731e-05 0.0000000000000000e+00 
 6.0198890705338348e-01  0.0000000000000000e+00 3.3307200821100274e-04 0.0000000000000000e+00 
 7.3527091145682877e-01  0.0000000000000000e+00 3.6149570104918797e-03 0.0000000000000000e+00 
 8.9806191924831269e-01  0.0000000000000000e+00 1.8320836401794511e-02 -6.7522180021174982e+00 
 1.0968953051685049e+00  0.0000000000000000e+00 5.5106579131793114e-02 4.9579362887164322e+00 
 1.3397509511457530e+00  0.0000000000000000e+00 1.1567887941484892e-01 4.0592435600946937e+00 
 1.6363755069771337e+00  0.0000000000000000e+00 1.8884355396250699e-01 1.1573611448290788e+00 
 1.9986735576076173e+00  0.0000000000000000e+00 2.6013656183023587e-01 -4.8551724342100638e-01 
 2.4411853959237431e+00  0.0000000000000000e+00 3.2718423208532110e-01 -8.6308779098006350e-01 
 2.9816705757615862e+00  0.0000000000000000e+00 4.0176966543724529e-01 -6.8491938911298711e-01 
 3.6418206651602234e+00  0.0000000000000000e+00 4.9369376280092547e-01 -4.2590159681766593e-01 
 4.4481298051514013e+00  0.0000000000000000e+00 5.9885450764726555e-01 -2.4717899657703959e-01 
 5.4329580126663801e+00  0.0000000000000000e+00 7.0471342905143930e-01 -1.4825796581842854e-01 
 6.6358299016391111e+00  0.0000000000000000e+00 7.9997174828648954e-01 -9.3910397523181421e-02 
 8.1050209445437389e+00  0.0000000000000000e+00 8.7864892530985550e-01 -6.0630041598528521e-02 
 9.8994949366116671e+00  0.0000000000000000e+00 9.3966732450270041e-01 -3.7988873116226098e-02 
 1.2091270419970126e+01  0.0000000000000000e+00 9.8490144804573709e-01 -2.1838991725460822e-02 
 1.4768311040611987e+01  0.0000000000000000e+00 1.0173853066119156e+00 -1.0256792103632230e-02 
 1.8038055838370770e+01  0.0000000000000000e+00 1.0402040374653663e+00 -2.0409562018969163e-03 
 2.2031731152833213e+01  0.0000000000000000e+00 1.0559925497893565e+00 3.7065616490021443e-03 
 4.9286683121640795e-01  2.5000000000000000e+00 9.4375431548793534e-02 2.9925283228063967e-02 
 6.0198890705338348e-01  2.5000000000000000e+00 1.6637996940380501e-01 -2.2900902330584974e-01 
 7.3527091145682877e-01  2.5000000000000000e+00 2.6442673003988426e-01 5.7662364178876979e-01 
 8.9806191924831269e-01  2.5000000000000000e+00 3.8002371754356257e-01 -2.3576736016147213e-02 
 1.0968953051685049e+00  2.5000000000000000e+00 4.9949610987275578e-01 -6.3324452547573573e-02 
 1.3397509511457530e+00  2.5000000000000000e+00 6.1029011909630537e-01 3.3429464331842118e-01 
 1.6363755069771337e+00  2.5000000000000000e+00 7.0542204806573350e-01 3.3403052159785684e-01 
 1.9986735576076173e+00  2.5000000000000000e+00 7.8393225833419333e-01 1.8319829232998261e-01 
 2.4411853959237431e+00  2.5000000000000000e+00 8.4849085452587558e-01 9.5443484749292040e-02 
 2.9816705757615862e+00  2.5000000000000000e+00 9.0232804573629544e-01 5.0926546993053379e-02 
 3.6418206651602234e+00  2.5000000000000000e+00 9.4738427576630313e-01 1.9300788732837307e-02 
 4.4481298051514013e+00  2.5000000000000000e+00 9.8432963858259126e-01 -1.5215964664180494e-03 
 5.4329580126663801e+00  2.5000000000000000e+00 1.0135354372844068e+00 -1.0601818426095401e-02 
 6.6358299016391111e+00  2.5000000000000000e+00 1.0357284588354061e+00 -1.1127739957416781e-02 
 8.1050209445437389e+00  2.5000000000000000e+00 1.0520220077259714e+00 -7.3507372798412582e-03 
 9.8994949366116671e+00  2.5000000000000000e+00 1.0636672465514068e+00 -2.3104571213039553e-03 
 1.2091270419970126e+01  2.5000000000000000e+00 1.0718275942544349e+00 2.4301483448185422e-03 
 1.4768311040611987e+01  2.5000000000000000e+00 1.0774663750921929e+00 6.2990906121596054e-03 
 1.8038055838370770e+01  2.5000000000000000e+00 1.0813250056528558e+00 9.2287879540586606e-03 
 2.2031731152833213e+01  2.5000000000000000e+00 1.0839478926118091e+00 1.1351835126565115e-02 
 4.9286683121640795e-01  5.0000000000000000e+00 7.5625341024261306e-01 -8.1017249056035398e-02 
 6.0198890705338348e-01  5.0000000000000000e+00 7.9476658868726557e-01 2.4513590607253277e-02 
 7.3527091145682877e-01  5.0000000000000000e+00 8.2867974860157700e-01 8.2662448132228034e-02 
 8.9806191924831269e-01  5.0000000000000000e+00 8.5537126969547894e-01 2.8702423667464899e-01 
 1.0968953051685049e+00  5.0000000000000000e+00 8.7319559650564837e-01 -6.4378385888943443e-02 
 1.3397509511457530e+00  5.0000000000000000e+00 8.8735369279215970e-01 -3.9073543289809692e-01 
 1.6363755069771337e+00  5.0000000000000000e+00 9.0529069132646844e-01 -2.5544634766173180e-01 
 1.9986735576076173e+00  5.0000000000000000e+00 9.2787253704459116e-01 3.5580697562176085e-02 
 2.4411853959237431e+00  5.0000000000000000e+00 9.5094518896887559e-01 1.8974762867029341e-01 
 2.9816705757615862e+00  5.0000000000000000e+00 9.7249788633009304e-01 2.0380777826440369e-01 
 3.6418206651602234e+00  5.0000000000000000e+00 9.9316648176145228e-01 1.6152203083103750e-01 
 4.4481298051514013e+00  5.0000000000000000e+00 1.0130891110695837e+00 1.1462031504879749e-01 
 5.4329580126663801e+00  5.0000000000000000e+00 1.0312600811128636e+00 7.9267411895345849e-02 
 6.6358299016391111e+00  5.0000000000000000e+00 1.0466282798899516e+00 5.5939133313918803e-02 
 8.1050209445437389e+00  5.0000000000000000e+00 1.0587835808186585e+00 4.1276666617211112e-02 
 9.8994949366116671e+00  5.0000000000000000e+00 1.0679194882847216e+00 3.2160170500648809e-02 
 1.2091270419970126e+01  5.0000000000000000e+00 1.0745405367874947e+00 2.6456591444194457e-02 
 1.4768311040611987e+01  5.0000000000000000e+00 1.0792195149078541e+00 2.2843506401286191e-02 
 1.8038055838370770e+01  5.0000000000000000e+00 1.0824696471289168e+00 2.0524270196096150e-02 
 2.2031731152833213e+01  5.0000000000000000e+00 1.0847011037185328e+00 1.9018284687653736e-02 
 4.9286683121640795e-01  4.9286683121640795e-01  4.9286683121640795e-01 1.0854341646615409e-35 0.0000000000000000e+00 
 4.9286683121640795e-01  4.9286683121640795e-01  9.5997350486694710e-01 8.2932628055409180e-27 0.0000000000000000e+00 
 4.9286683121640795e-01  4.9286683121640795e-01  1.8697730739399194e+00 3.1843605581005508e-24 0.0000000000000000e+00 
 4.9286683121640795e-01  4.9286683121640795e-01  3.6418206651602221e+00 1.8985058501793568e-23 0.0000000000000000e+00 
 4.9286683121640795e-01  4.9286683121640795e-01  7.0932980809489461e+00 3.2949540115413154e-23 0.0000000000000000e+00 
 4.9286683121640795e-01  4.9286683121640795e-01  1.3815858135612068e+01 3.8574048100218674e-23 0.0000000000000000e+00 
 4.9286683121640795e-01  9.5997350486694710e-01  9.5997350486694710e-01 4.8136274540073154e-18 0.0000000000000000e+00 
 4.9286683121640795e-01  9.5997350486694710e-01  1.8697730739399194e+00 1.5561251458775054e-15 0.0000000000000000e+00 
 4.9286683121640795e-01  9.5997350486694710e-01  3.6418206651602221e+00 8.8095471795436868e-15 0.0000000000000000e+00 
 4.9286683121640795e-01  9.5997350486694710e-01  7.0932980809489461e+00 1.5330395325245358e-14 0.0000000000000000e+00 
 4.9286683121640795e-01  9.5997350486694710e-01  1.3815858135612068e+01 1.7990122720205237e-14 0.0000000000000000e+00 
 4.9286683121640795e-01  1.8697730739399194e+00  1.8697730739399194e+00 5.0932923484132082e-13 0.0000000000000000e+00 
 4.9286683121640795e-01  1.8697730739399194e+00  3.6418206651602221e+00 2.8985180461854616e-12 0.0000000000000000e+00 
 4.9286683121640795e-01  1.8697730739399194e+00  7.0932980809489461e+00 5.0892645075586333e-12 0.0000000000000000e+00 
 4.9286683121640795e-01  1.8697730739399194e+00  1.3815858135612068e+01 5.9959981494335150e-12 0.0000000000000000e+00 
 4.9286683121640795e-01  3.6418206651602221e+00  3.6418206651602221e+00 1.7000617819615578e-11 0.0000000000000000e+00 
 4.9286683121640795e-01  3.6418206651602221e+00  7.0932980809489461e+00 3.0683007108151333e-11 0.0000000000000000e+00 
 4.9286683121640795e-01  3.6418206651602221e+00  1.3815858135612068e+01 3.6540431787315865e-11 0.0000000000000000e+00 
 4.9286683121640795e-01  7.0932980809489461e+00  7.0932980809489461e+00 5.6625088858779504e-11 0.0000000000000000e+00 
 4.9286683121640795e-01  7.0932980809489461e+00  1.3815858135612068e+01 6.7993241039520098e-11 0.0000000000000000e+00 
 4.9286683121640795e-01  1.3815858135612068e+01  1.3815858135612068e+01 8.1886027136300652e-11 0.0000000000000000e+00 
 9.5997350486694710e-01  9.5997350486694710e-01  9.5997350486694710e-01 9.8506079660031245e-10 0.0000000000000000e+00 
 9.5997350486694710e-01  9.5997350486694710e-01  1.8697730739399194e+00 2.1741386209138286e-07 0.0000000000000000e+00 
 9.5997350486694710e-01  9.5997350486694710e-01  3.6418206651602221e+00 1.1068104811640389e-06 0.0000000000000000e+00 
 9.5997350486694710e-01  9.5997350486694710e-01  7.0932980809489461e+00 1.8619206708263174e-06 0.0000000000000000e+00 
 9.5997350486694710e-01  9.5997350486694710e-01  1.3815858135612068e+01 2.1636803543210562e-06 0.0000000000000000e+00 
 9.5997350486694710e-01  1.8697730739399194e+00  1.8697730739399194e+00 4.2701913925669176e-05 0.0000000000000000e+00 
 9.5997350486694710e-01  1.8697730739399194e+00  3.6418206651602221e+00 2.1135901254921955e-04 0.0000000000000000e+00 
 9.5997350486694710e-01  1.8697730739399194e+00  7.0932980809489461e+00 3.5585342107450561e-04 0.0000000000000000e+00 
 9.5997350486694710e-01  1.8697730739399194e+00  1.3815858135612068e+01 4.1414126098556538e-04 0.0000000000000000e+00 
 9.5997350486694710e-01  3.6418206651602221e+00  3.6418206651602221e+00 1.0808161455062399e-03 0.0000000000000000e+00 
 9.5997350486694710e-01  3.6418206651602221e+00  7.0932980809489461e+00 1.8866850774495647e-03 0.0000000000000000e+00 
 9.5997350486694710e-01  3.6418206651602221e+00  1.3815858135612068e+01 2.2271258379902396e-03 0.0000000000000000e+00 
 9.5997350486694710e-01  7.0932980809489461e+00  7.0932980809489461e+00 3.3931627968772542e-03 0.0000000000000000e+00 
 9.5997350486694710e-01  7.0932980809489461e+00  1.3815858135612068e+01 4.0488602524788942e-03 0.0000000000000000e+00 
 9.5997350486694710e-01  1.3815858135612068e+01  1.3815858135612068e+01 4.8494115756870472e-03 0.0000000000000000e+00 
 1.8697730739399194e+00  1.8697730739399194e+00  1.8697730739399194e+00 5.8381972783708557e-03 0.0000000000000000e+00 
 1.8697730739399194e+00  1.8697730739399194e+00  3.6418206651602221e+00 2.3653270558840221e-02 1.8385457993985668e+00 
 1.8697730739399194e+00  1.8697730739399194e+00  7.0932980809489461e+00 3.7104771851812164e-02 -2.1916791925203549e+00 
 1.8697730739399194e+00  1.8697730739399194e+00  1.3815858135612068e+01 4.2259023853241540e-02 1.2315392002751167e-01 
 1.8697730739399194e+00  3.6418206651602221e+00  3.6418206651602221e+00 8.6746163490951836e-02 -6.9288880261747920e-01 
 1.8697730739399194e+00  3.6418206651602221e+00  7.0932980809489461e+00 1.3384757090442162e-01 4.2927757053460363e-03 
 1.8697730739399194e+00  3.6418206651602221e+00  1.3815858135612068e+01 1.5213744612638355e-01 1.5407321571516484e+00 
 1.8697730739399194e+00  7.0932980809489461e+00  7.0932980809489461e+00 2.1087846987313535e-01 -8.0497714164597911e-01 
 1.8697730739399194e+00  7.0932980809489461e+00  1.3815858135612068e+01 2.4230078317616011e-01 6.6969883498453980e-02 
 1.8697730739399194e+00  1.3815858135612068e+01  1.3815858135612068e+01 2.7983439084676753e-01 8.3682813219221053e-01 
 3.6418206651602221e+00  3.6418206651602221e+00  3.6418206651602221e+00 2.3745221532930225e-01 2.4713211120103531e-01 
 3.6418206651602221e+00  3.6418206651602221e+00  7.0932980809489461e+00 3.1609295229753659e-01 9.0585557402396474e-02 
 3.6418206651602221e+00  3.6418206651602221e+00  1.3815858135612068e+01 3.4013659495633214e-01 1.9697498186031706e-01 
 3.6418206651602221e+00  7.0932980809489461e+00  7.0932980809489461e+00 3.8454067764392141e-01 -6.7092980366184030e-01 
 3.6418206651602221e+00  7.0932980809489461e+00  1.3815858135612068e+01 3.9790346003691202e-01 -6.5862028819737550e-01 
 3.6418206651602221e+00  1.3815858135612068e+01  1.3815858135612068e+01 4.0429094369598689e-01 -4.4756884825707549e-01 
 7.0932980809489461e+00  7.0932980809489461e+00  7.0932980809489461e+00 3.6971893311720505e-01 -6.2155530873719933e-01 
 7.0932980809489461e+00  7.0932980809489461e+00  1.3815858135612068e+01 3.3355418637844758e-01 -4.5951496240094775e-01 
 7.0932980809489461e+00  1.3815858135612068e+01  1.3815858135612068e+01 2.7021037463766773e-01 -3.0615363894678015e-02 
 1.3815858135612068e+01  1.3815858135612068e+01  1.3815858135612068e+01 1.6973186119518571e-01 9.9199802473755638e-01 
 4.9286683121640795e-01  4.9286683121640795e-01  4.9286683121640795e-01 1.1683670671583836e-20 0.0000000000000000e+00 
 4.9286683121640795e-01  4.9286683121640795e-01  9.5997350486694710e-01 3.0135962036344650e-17 0.0000000000000000e+00 
 4.9286683121640795e-01  4.9286683121640795e-01  1.8697730739399194e+00 2.4735123501010653e-16 0.0000000000000000e+00 
 4.9286683121640795e-01  4.9286683121640795e-01  3.6418206651602221e+00 4.7265659675518859e-16 0.0000000000000000e+00 
 4.9286683121640795e-01  4.9286683121640795e-01  7.0932980809489461e+00 5.8881829748846753e-16 0.0000000000000000e+00 
 4.9286683121640795e-01  4.9286683121640795e-01  1.3815858135612068e+01 6.2835259862271480e-16 0.0000000000000000e+00 
 4.9286683121640795e-01  9.5997350486694710e-01  9.5997350486694710e-01 7.6015327277814233e-14 0.0000000000000000e+00 
 4.9286683121640795e-01  9.5997350486694710e-01  1.8697730739399194e+00 6.3023315218124219e-13 0.0000000000000000e+00 
 4.9286683121640795e-01  9.5997350486694710e-01  3.6418206651602221e+00 1.2881031910427739e-12 0.0000000000000000e+00 
 4.9286683121640795e-01  9.5997350486694710e-01  7.0932980809489461e+00 1.6758711506701087e-12 0.0000000000000000e+00 
 4.9286683121640795e-01  9.5997350486694710e-01  1.3815858135612068e+01 1.8136147963473347e-12 0.0000000000000000e+00 
 4.9286683121640795e-01  1.8697730739399194e+00  1.8697730739399194e+00 5.2743913917506886e-12 0.0000000000000000e+00 
 4.9286683121640795e-01  1.8697730739399194e+00  3.6418206651602221e+00 1.1019519257677000e-11 0.0000000000000000e+00 
 4.9286683121640795e-01  1.8697730739399194e+00  7.0932980809489461e+00 1.4564970758524559e-11 0.0000000000000000e+00 
 4.9286683121640795e-01  1.8697730739399194e+00  1.3815858135612068e+01 1.5852114156908825e-11 0.0000000000000000e+00 
 4.9286683121640795e-01  3.6418206651602221e+00  3.6418206651602221e+00 2.3956985452043062e-11 0.0000000000000000e+00 
 4.9286683121640795e-01  3.6418206651602221e+00  7.0932980809489461e+00 3.3200966532917062e-11 0.0000000000000000e+00 
 4.9286683121640795e-01  3.6418206651602221e+00  1.3815858135612068e+01 3.6865481668048530e-11 0.0000000000000000e+00 
 4.9286683121640795e-01  7.0932980809489461e+00  7.0932980809489461e+00 4.8252945975556395e-11 0.0000000000000000e+00 
 4.9286683121640795e-01  7.0932980809489461e+00  1.3815858135612068e+01 5.4560860096666145e-11 0.0000000000000000e+00 
 4.9286683121640795e-01  1.3815858135612068e+01  1.3815858135612068e+01 6.2099009332603470e-11 0.0000000000000000e+00 
 9.5997350486694710e-01  4.9286683121640795e-01  4.9286683121640795e-01 1.6027126455277723e-12 0.0000000000000000e+00 
 9.5997350486694710e-01  4.9286683121640795e-01  9.5997350486694710e-01 3.6014809960778675e-09 0.0000000000000000e+00 
 9.5997350486694710e-01  4.9286683121640795e-01  1.8697730739399194e+00 2.8836354482878029e-08 0.0000000000000000e+00 
 9.5997350486694710e-01  4.9286683121640795e-01  3.6418206651602221e+00 5.5589308821753263e-08 0.0000000000000000e+00 
 9.5997350486694710e-01  4.9286683121640795e-01  7.0932980809489461e+00 7.0659616249169772e-08 0.0000000000000000e+00 
 9.5997350486694710e-01  4.9286683121640795e-01  1.3815858135612068e+01 7.6039986269816654e-08 0.0000000000000000e+00 
 9.5997350486694710e-01  9.5997350486694710e-01  9.5997350486694710e-01 6.6113384516721100e-06 0.0000000000000000e+00 
 9.5997350486694710e-01  9.5997350486694710e-01  1.8697730739399194e+00 4.8950331133138268e-05 0.0000000000000000e+00 
 9.5997350486694710e-01  9.5997350486694710e-01  3.6418206651602221e+00 9.5351162474361915e-05 0.0000000000000000e+00 
 9.5997350486694710e-01  9.5997350486694710e-01  7.0932980809489461e+00 1.2301094885299311e-04 0.0000000000000000e+00 
 9.5997350486694710e-01  9.5997350486694710e-01  1.3815858135612068e+01 1.3297448067884686e-04 0.0000000000000000e+00 
 9.5997350486694710e-01  1.8697730739399194e+00  1.8697730739399194e+00 3.5526117021097129e-04 0.0000000000000000e+00 
 9.5997350486694710e-01  1.8697730739399194e+00  3.6418206651602221e+00 7.0019319647595681e-04 0.0000000000000000e+00 
 9.5997350486694710e-01  1.8697730739399194e+00  7.0932980809489461e+00 9.1305684580327722e-04 0.0000000000000000e+00 
 9.5997350486694710e-01  1.8697730739399194e+00  1.3815858135612068e+01 9.9063034666278327e-04 0.0000000000000000e+00 
 9.5997350486694710e-01  3.6418206651602221e+00  3.6418206651602221e+00 1.4485598984782851e-03 0.0000000000000000e+00 
 9.5997350486694710e-01  3.6418206651602221e+00  7.0932980809489461e+00 1.9869194804877470e-03 0.0000000000000000e+00 
 9.5997350486694710e-01  3.6418206651602221e+00  1.3815858135612068e+01 2.1999104606633220e-03 0.0000000000000000e+00 
 9.5997350486694710e-01  7.0932980809489461e+00  7.0932980809489461e+00 2.8611054877285568e-03 0.0000000000000000e+00 
 9.5997350486694710e-01  7.0932980809489461e+00  1.3815858135612068e+01 3.2261796231803290e-03 0.0000000000000000e+00 
 9.5997350486694710e-01  1.3815858135612068e+01  1.3815858135612068e+01 3.6617720127657982e-03 0.0000000000000000e+00 
 1.8697730739399194e+00  4.9286683121640795e-01  4.9286683121640795e-01 3.0147583030697713e-10 0.0000000000000000e+00 
 1.8697730739399194e+00  4.9286683121640795e-01  9.5997350486694710e-01 6.5261709738997289e-07 0.0000000000000000e+00 
 1.8697730739399194e+00  4.9286683121640795e-01  1.8697730739399194e+00 5.2821202520840663e-06 0.0000000000000000e+00 
 1.8697730739399194e+00  4.9286683121640795e-01  3.6418206651602221e+00 1.0918600215054493e-05 0.0000000000000000e+00 
 1.8697730739399194e+00  4.9286683121640795e-01  7.0932980809489461e+00 1.4672681095483833e-05 0.0000000000000000e+00 
 1.8697730739399194e+00  4.9286683121640795e-01  1.3815858135612068e+01 1.6093218227697462e-05 0.0000000000000000e+00 
 1.8697730739399194e+00  9.5997350486694710e-01  9.5997350486694710e-01 9.5646362144605277e-04 0.0000000000000000e+00 
 1.8697730739399194e+00  9.5997350486694710e-01  1.8697730739399194e+00 6.1682997805510443e-03 0.0000000000000000e+00 
 1.8697730739399194e+00  9.5997350486694710e-01  3.6418206651602221e+00 1.1555294068249606e-02 -4.6902260604722095e+00 
 1.8697730739399194e+00  9.5997350486694710e-01  7.0932980809489461e+00 1.4953168633707067e-02 2.1267465177740870e+00 
 1.8697730739399194e+00  9.5997350486694710e-01  1.3815858135612068e+01 1.6210463690596522e-02 4.4545301724131416e+00 
 1.8697730739399194e+00  1.8697730739399194e+00  1.8697730739399194e+00 3.3938971576182558e-02 3.2950354732700476e-01 
 1.8697730739399194e+00  1.8697730739399194e+00  3.6418206651602221e+00 5.8111633056941635e-02 -4.5157008611106626e+00 
 1.8697730739399194e+00  1.8697730739399194e+00  7.0932980809489461e+00 7.2247249998841634e-02 1.3603510712120959e-01 
 1.8697730739399194e+00  1.8697730739399194e+00  1.3815858135612068e+01 7.7298815831451539e-02 3.0252498892736908e+00 
 1.8697730739399194e+00  3.6418206651602221e+00  3.6418206651602221e+00 9.9644968709665535e-02 -3.3586283573091920e+00 
 1.8697730739399194e+00  3.6418206651602221e+00  7.0932980809489461e+00 1.2785602348682179e-01 6.6213156379323701e-01 
 1.8697730739399194e+00  3.6418206651602221e+00  1.3815858135612068e+01 1.3865265202209684e-01 2.4549864077172345e+00 
 1.8697730739399194e+00  7.0932980809489461e+00  7.0932980809489461e+00 1.7151325196986517e-01 2.8528541897592755e-02 
 1.8697730739399194e+00  7.0932980809489461e+00  1.3815858135612068e+01 1.8922650765953619e-01 -1.9939678401946340e-01 
 1.8697730739399194e+00  1.3815858135612068e+01  1.3815858135612068e+01 2.1013631077192965e-01 -1.1672005753958836e+00 
 3.6418206651602221e+00  4.9286683121640795e-01  4.9286683121640795e-01 1.2285571188365255e-09 0.0000000000000000e+00 
 3.6418206651602221e+00  4.9286683121640795e-01  9.5997350486694710e-01 2.6231660058523510e-06 0.0000000000000000e+00 
 3.6418206651602221e+00  4.9286683121640795e-01  1.8697730739399194e+00 2.1536682763521937e-05 0.0000000000000000e+00 
 3.6418206651602221e+00  4.9286683121640795e-01  3.6418206651602221e+00 4.9568511369854593e-05 0.0000000000000000e+00 
 3.6418206651602221e+00  4.9286683121640795e-01  7.0932980809489461e+00 7.2634419700310865e-05 0.0000000000000000e+00 
 3.6418206651602221e+00  4.9286683121640795e-01  1.3815858135612068e+01 8.2088218785348376e-05 0.0000000000000000e+00 
 3.6418206651602221e+00  9.5997350486694710e-01  9.5997350486694710e-01 3.4744482432327800e-03 0.0000000000000000e+00 
 3.6418206651602221e+00  9.5997350486694710e-01  1.8697730739399194e+00 2.0721978846344431e-02 -1.2283872101040584e-01 
 3.6418206651602221e+00  9.5997350486694710e-01  3.6418206651602221e+00 4.1198444427042694e-02 7.7724241949631859e-02 
 3.6418206651602221e+00  9.5997350486694710e-01  7.0932980809489461e+00 5.7823349444852998e-02 4.8126490446993142e-01 
 3.6418206651602221e+00  9.5997350486694710e-01  1.3815858135612068e+01 6.4640832092084183e-02 1.6718507785537004e-02 
 3.6418206651602221e+00  1.8697730739399194e+00  1.8697730739399194e+00 8.9201952326012801e-02 2.3828561768737697e+00 
 3.6418206651602221e+00  1.8697730739399194e+00  3.6418206651602221e+00 1.3905150083258255e-01 -8.4923363798586970e-01 
 3.6418206651602221e+00  1.8697730739399194e+00  7.0932980809489461e+00 1.7647419316920929e-01 -2.4973257196080514e-01 
 3.6418206651602221e+00  1.8697730739399194e+00  1.3815858135612068e+01 1.9149877644112881e-01 -4.4307331866617050e-01 
 3.6418206651602221e+00  3.6418206651602221e+00  3.6418206651602221e+00 1.8118691883760313e-01 -5.9007799984258047e-01 
 3.6418206651602221e+00  3.6418206651602221e+00  7.0932980809489461e+00 2.1416326392883736e-01 2.8709823859324257e-01 
 3.6418206651602221e+00  3.6418206651602221e+00  1.3815858135612068e+01 2.2658150787296635e-01 -3.0029681172052392e-01 
 3.6418206651602221e+00  7.0932980809489461e+00  7.0932980809489461e+00 2.5001569009885199e-01 9.0333773617454971e-01 
 3.6418206651602221e+00  7.0932980809489461e+00  1.3815858135612068e+01 2.6299903522750945e-01 3.8586799775316416e-01 
 3.6418206651602221e+00  1.3815858135612068e+01  1.3815858135612068e+01 2.7587869052304176e-01 -2.0253892696538468e-02 
 7.0932980809489461e+00  4.9286683121640795e-01  4.9286683121640795e-01 1.7820296729760871e-09 0.0000000000000000e+00 
 7.0932980809489461e+00  4.9286683121640795e-01  9.5997350486694710e-01 3.7889373812545722e-06 0.0000000000000000e+00 
 7.0932980809489461e+00  4.9286683121640795e-01  1.8697730739399194e+00 3.1418362799772913e-05 0.0000000000000000e+00 
 7.0932980809489461e+00  4.9286683121640795e-01  3.6418206651602221e+00 7.8403570882399948e-05 0.0000000000000000e+00 
 7.0932980809489461e+00  4.9286683121640795e-01  7.0932980809489461e+00 1.2225056475535006e-04 0.0000000000000000e+00 
 7.0932980809489461e+00  4.9286683121640795e-01  1.3815858135612068e+01 1.4107388454641885e-04 0.0000000000000000e+00 
 7.0932980809489461e+00  9.5997350486694710e-01  9.5997350486694710e-01 4.8550543642566467e-03 0.0000000000000000e+00 
 7.0932980809489461e+00  9.5997350486694710e-01  1.8697730739399194e+00 2.8254901340245515e-02 1.9003832058623424e-01 
 7.0932980809489461e+00  9.5997350486694710e-01  3.6418206651602221e+00 6.0589397763086791e-02 -2.0681350894047226e-01 
 7.0932980809489461e+00  9.5997350486694710e-01  7.0932980809489461e+00 9.1554325638914552e-02 -4.3102938785045553e-01 
 7.0932980809489461e+00  9.5997350486694710e-01  1.3815858135612068e+01 1.0502280041067409e-01 -1.0413576724029201e+00 
 7.0932980809489461e+00  1.8697730739399194e+00  1.8697730739399194e+00 1.0859462240592252e-01 7.0760908358132091e-01 
 7.0932980809489461e+00  1.8697730739399194e+00  3.6418206651602221e+00 1.6833695921992625e-01 -1.4083210135283597e+00 
 7.0932980809489461e+00  1.8697730739399194e+00  7.0932980809489461e+00 2.2895926404727265e-01 -2.9046025101003708e-01 
 7.0932980809489461e+00  1.8697730739399194e+00  1.3815858135612068e+01 2.5639052392030842e-01 -2.2522989250136177e-01 
 7.0932980809489461e+00  3.6418206651602221e+00  3.6418206651602221e+00 1.7846828709625676e-01 3.0752459774223395e-01 
 7.0932980809489461e+00  3.6418206651602221e+00  7.0932980809489461e+00 1.9411975403721887e-01 4.0086842560886726e-01 
 7.0932980809489461e+00  3.6418206651602221e+00  1.3815858135612068e+01 1.9938942392546830e-01 -6.9061021305276693e-01 
 7.0932980809489461e+00  7.0932980809489461e+00  7.0932980809489461e+00 1.8127545054629046e-01 7.0012842232877592e-01 
 7.0932980809489461e+00  7.0932980809489461e+00  1.3815858135612068e+01 1.7181078788229490e-01 3.2647136217314930e-02 
 7.0932980809489461e+00  1.3815858135612068e+01  1.3815858135612068e+01 1.5530424474456669e-01 -1.8402580005487865e-01 
 1.3815858135612068e+01  4.9286683121640795e-01  4.9286683121640795e-01 1.9657941205369199e-09 0.0000000000000000e+00 
 1.3815858135612068e+01  4.9286683121640795e-01  9.5997350486694710e-01 4.1748253523575757e-06 0.0000000000000000e+00 
 1.3815858135612068e+01  4.9286683121640795e-01  1.8697730739399194e+00 3.4747857211621270e-05 0.0000000000000000e+00 
 1.3815858135612068e+01  4.9286683121640795e-01  3.6418206651602221e+00 8.9393989424801885e-05 0.0000000000000000e+00 
 1.3815858135612068e+01  4.9286683121640795e-01  7.0932980809489461e+00 1.4252192723596382e-04 0.0000000000000000e+00 
 1.3815858135612068e+01  4.9286683121640795e-01  1.3815858135612068e+01 1.6566439839936733e-04 0.0000000000000000e+00 
 1.3815858135612068e+01  9.5997350486694710e-01  9.5997350486694710e-01 5.2999555031078447e-03 0.0000000000000000e+00 
 1.3815858135612068e+01  9.5997350486694710e-01  1.8697730739399194e+00 3.0647692007910819e-02 9.1364682267802450e-02 
 1.3815858135612068e+01  9.5997350486694710e-01  3.6418206651602221e+00 6.7763076710041351e-02 -5.3027102000651076e-02 
 1.3815858135612068e+01  9.5997350486694710e-01  7.0932980809489461e+00 1.0518304083139461e-01 -1.2251434150445327e-02 
 1.3815858135612068e+01  9.5997350486694710e-01  1.3815858135612068e+01 1.2174081667519469e-01 -5.1134392254454586e-01 
 1.3815858135612068e+01  1.8697730739399194e+00  1.8697730739399194e+00 1.1359235212957559e-01 -2.0886520371235362e-01 
 1.3815858135612068e+01  1.8697730739399194e+00  3.6418206651602221e+00 1.7678422974915253e-01 -1.7043521998210154e+00 
 1.3815858135612068e+01  1.8697730739399194e+00  7.0932980809489461e+00 2.4825440797542273e-01 6.5278277240021776e-01 
 1.3815858135612068e+01  1.8697730739399194e+00  1.3815858135612068e+01 2.8184158899957085e-01 1.3190343130508986e+00 
 1.3815858135612068e+01  3.6418206651602221e+00  3.6418206651602221e+00 1.7041633151762972e-01 2.4061560483161290e-01 
 1.3815858135612068e+01  3.6418206651602221e+00  7.0932980809489461e+00 1.7516605689064760e-01 7.5181544951274359e-01 
 1.3815858135612068e+01  3.6418206651602221e+00  1.3815858135612068e+01 1.7620145751792363e-01 9.5412202831996820e-02 
 1.3815858135612068e+01  7.0932980809489461e+00  7.0932980809489461e+00 1.3351692448955457e-01 6.3745452045448747e-01 
 1.3815858135612068e+01  7.0932980809489461e+00  1.3815858135612068e+01 1.1074754832496361e-01 2.0165696023922239e-01 
 1.3815858135612068e+01  1.3815858135612068e+01  1.3815858135612068e+01 7.7107820209287858e-02 5.2370565265359803e-01 
 4.9286683121640795e-01  4.9286683121640795e-01  4.9286683121640795e-01 2.0732454303878904e-25 0.0000000000000000e+00 
 4.9286683121640795e-01  4.9286683121640795e-01  9.5997350486694710e-01 2.5517349959135215e-14 0.0000000000000000e+00 
 4.9286683121640795e-01  4.9286683121640795e-01  1.8697730739399194e+00 3.2153074545930277e-11 0.0000000000000000e+00 
 4.9286683121640795e-01  4.9286683121640795e-01  3.6418206651602221e+00 2.2362051312363275e-10 0.0000000000000000e+00 
 4.9286683121640795e-01  4.9286683121640795e-01  7.0932980809489461e+00 3.7456736440191376e-10 0.0000000000000000e+00 
 4.9286683121640795e-01  4.9286683121640795e-01  1.3815858135612068e+01 4.2926162405048447e-10 0.0000000000000000e+00 
 4.9286683121640795e-01  9.5997350486694710e-01  4.9286683121640795e-01 5.1719490511836855e-22 0.0000000000000000e+00 
 4.9286683121640795e-01  9.5997350486694710e-01  9.5997350486694710e-01 5.8935909241940987e-11 0.0000000000000000e+00 
 4.9286683121640795e-01  9.5997350486694710e-01  1.8697730739399194e+00 7.5191906472810462e-08 0.0000000000000000e+00 
 4.9286683121640795e-01  9.5997350486694710e-01  3.6418206651602221e+00 5.2934692442184435e-07 0.0000000000000000e+00 
 4.9286683121640795e-01  9.5997350486694710e-01  7.0932980809489461e+00 8.9016004027626092e-07 0.0000000000000000e+00 
 4.9286683121640795e-01  9.5997350486694710e-01  1.3815858135612068e+01 1.0212528939446946e-06 0.0000000000000000e+00 
 4.9286683121640795e-01  1.8697730739399194e+00  4.9286683121640795e-01 4.3928025956122753e-21 0.0000000000000000e+00 
 4.9286683121640795e-01  1.8697730739399194e+00  9.5997350486694710e-01 5.0890337455133104e-10 0.0000000000000000e+00 
 4.9286683121640795e-01  1.8697730739399194e+00  1.8697730739399194e+00 6.8059858530744707e-07 0.0000000000000000e+00 
 4.9286683121640795e-01  1.8697730739399194e+00  3.6418206651602221e+00 4.9342094548373826e-06 0.0000000000000000e+00 
 4.9286683121640795e-01  1.8697730739399194e+00  7.0932980809489461e+00 8.4232295927828591e-06 0.0000000000000000e+00 
 4.9286683121640795e-01  1.8697730739399194e+00  1.3815858135612068e+01 9.7139469011670155e-06 0.0000000000000000e+00 
 4.9286683121640795e-01  3.6418206651602221e+00  4.9286683121640795e-01 9.5869998216229170e-21 0.0000000000000000e+00 
 4.9286683121640795e-01  3.6418206651602221e+00  9.5997350486694710e-01 1.2528939862098878e-09 0.0000000000000000e+00 
 4.9286683121640795e-01  3.6418206651602221e+00  1.8697730739399194e+00 1.8265739808912134e-06 0.0000000000000000e+00 
 4.9286683121640795e-01  3.6418206651602221e+00  3.6418206651602221e+00 1.4552395356262797e-05 0.0000000000000000e+00 
 4.9286683121640795e-01  3.6418206651602221e+00  7.0932980809489461e+00 2.6762013061557748e-05 0.0000000000000000e+00 
 4.9286683121640795e-01  3.6418206651602221e+00  1.3815858135612068e+01 3.1741134835874752e-05 0.0000000000000000e+00 
 4.9286683121640795e-01  7.0932980809489461e+00  4.9286683121640795e-01 1.3791017646130560e-20 0.0000000000000000e+00 
 4.9286683121640795e-01  7.0932980809489461e+00  9.5997350486694710e-01 1.8821681292207802e-09 0.0000000000000000e+00 
 4.9286683121640795e-01  7.0932980809489461e+00  1.8697730739399194e+00 2.8387244075593320e-06 0.0000000000000000e+00 
 4.9286683121640795e-01  7.0932980809489461e+00  3.6418206651602221e+00 2.4024452755572371e-05 0.0000000000000000e+00 
 4.9286683121640795e-01  7.0932980809489461e+00  7.0932980809489461e+00 4.6374240580603880e-05 0.0000000000000000e+00 
 4.9286683121640795e-01  7.0932980809489461e+00  1.3815858135612068e+01 5.5980057067493115e-05 0.0000000000000000e+00 
 4.9286683121640795e-01  1.3815858135612068e+01  4.9286683121640795e-01 1.5528086493270030e-20 0.0000000000000000e+00 
 4.9286683121640795e-01  1.3815858135612068e+01  9.5997350486694710e-01 2.1363045463432950e-09 0.0000000000000000e+00 
 4.9286683121640795e-01  1.3815858135612068e+01  1.8697730739399194e+00 3.2489924813875564e-06 0.0000000000000000e+00 
 4.9286683121640795e-01  1.3815858135612068e+01  3.6418206651602221e+00 2.8045569860629696e-05 0.0000000000000000e+00 
 4.9286683121640795e-01  1.3815858135612068e+01  7.0932980809489461e+00 5.4992994624772163e-05 0.0000000000000000e+00 
 4.9286683121640795e-01  1.3815858135612068e+01  1.3815858135612068e+01 6.6756281097779381e-05 0.0000000000000000e+00 
 9.5997350486694710e-01  9.5997350486694710e-01  4.9286683121640795e-01 7.9993705808522679e-19 0.0000000000000000e+00 
 9.5997350486694710e-01  9.5997350486694710e-01  9.5997350486694710e-01 8.6611123738834801e-08 0.0000000000000000e+00 
 9.5997350486694710e-01  9.5997350486694710e-01  1.8697730739399194e+00 1.0901431646116802e-04 0.0000000000000000e+00 
 9.5997350486694710e-01  9.5997350486694710e-01  3.6418206651602221e+00 7.6521195776024678e-04 0.0000000000000000e+00 
 9.5997350486694710e-01  9.5997350486694710e-01  7.0932980809489461e+00 1.2857907835568028e-03 0.0000000000000000e+00 
 9.5997350486694710e-01  9.5997350486694710e-01  1.3815858135612068e+01 1.4748400902051288e-03 0.0000000000000000e+00 
 9.5997350486694710e-01  1.8697730739399194e+00  4.9286683121640795e-01 4.6793245467946086e-18 0.0000000000000000e+00 
 9.5997350486694710e-01  1.8697730739399194e+00  9.5997350486694710e-01 5.1034286242304834e-07 0.0000000000000000e+00 
 9.5997350486694710e-01  1.8697730739399194e+00  1.8697730739399194e+00 6.4730377389314445e-04 0.0000000000000000e+00 
 9.5997350486694710e-01  1.8697730739399194e+00  3.6418206651602221e+00 4.5850336373771299e-03 0.0000000000000000e+00 
 9.5997350486694710e-01  1.8697730739399194e+00  7.0932980809489461e+00 7.7528285028535936e-03 0.0000000000000000e+00 
 9.5997350486694710e-01  1.8697730739399194e+00  1.3815858135612068e+01 8.9132491925939181e-03 0.0000000000000000e+00 
 9.5997350486694710e-01  3.6418206651602221e+00  4.9286683121640795e-01 9.0717650810866117e-18 0.0000000000000000e+00 
 9.5997350486694710e-01  3.6418206651602221e+00  9.5997350486694710e-01 1.0850277905203878e-06 0.0000000000000000e+00 
 9.5997350486694710e-01  3.6418206651602221e+00  1.8697730739399194e+00 1.4674251860269372e-03 0.0000000000000000e+00 
 9.5997350486694710e-01  3.6418206651602221e+00  3.6418206651602221e+00 1.1371563700255917e-02 -6.2572197289889453e-01 
 9.5997350486694710e-01  3.6418206651602221e+00  7.0932980809489461e+00 2.0659442167246821e-02 -8.6900181529738785e-01 
 9.5997350486694710e-01  3.6418206651602221e+00  1.3815858135612068e+01 2.4406218221298959e-02 -1.3439062179482111e-01 
 9.5997350486694710e-01  7.0932980809489461e+00  4.9286683121640795e-01 1.2665370952399386e-17 0.0000000000000000e+00 
 9.5997350486694710e-01  7.0932980809489461e+00  9.5997350486694710e-01 1.5637550787674026e-06 0.0000000000000000e+00 
 9.5997350486694710e-01  7.0932980809489461e+00  1.8697730739399194e+00 2.1749507628978284e-03 0.0000000000000000e+00 
 9.5997350486694710e-01  7.0932980809489461e+00  3.6418206651602221e+00 1.8003723473207174e-02 -8.0480854442634964e-01 
 9.5997350486694710e-01  7.0932980809489461e+00  7.0932980809489461e+00 3.4503157146095989e-02 -5.9630622476698891e-01 
 9.5997350486694710e-01  7.0932980809489461e+00  1.3815858135612068e+01 4.1564556337047254e-02 -8.6364454271694424e-02 
 9.5997350486694710e-01  1.3815858135612068e+01  4.9286683121640795e-01 1.4116165586696346e-17 0.0000000000000000e+00 
 9.5997350486694710e-01  1.3815858135612068e+01  9.5997350486694710e-01 1.7536768126314364e-06 0.0000000000000000e+00 
 9.5997350486694710e-01  1.3815858135612068e+01  1.8697730739399194e+00 2.4565074263355581e-03 0.0000000000000000e+00 
 9.5997350486694710e-01  1.3815858135612068e+01  3.6418206651602221e+00 2.0787822958488706e-02 8.9360563392833159e-01 
 9.5997350486694710e-01  1.3815858135612068e+01  7.0932980809489461e+00 4.0545250025364507e-02 9.6617658899687564e-01 
 9.5997350486694710e-01  1.3815858135612068e+01  1.3815858135612068e+01 4.9150442946314633e-02 1.1484453327069954e+00 
 1.8697730739399194e+00  1.8697730739399194e+00  4.9286683121640795e-01 1.8480022778889308e-17 0.0000000000000000e+00 
 1.8697730739399194e+00  1.8697730739399194e+00  9.5997350486694710e-01 2.0029139992082244e-06 0.0000000000000000e+00 
 1.8697730739399194e+00  1.8697730739399194e+00  1.8697730739399194e+00 2.5243092581714120e-03 0.0000000000000000e+00 
 1.8697730739399194e+00  1.8697730739399194e+00  3.6418206651602221e+00 1.7799597086348720e-02 2.3419207407584248e+00 
 1.8697730739399194e+00  1.8697730739399194e+00  7.0932980809489461e+00 2.9935056448901820e-02 -1.2020421073026302e+00 
 1.8697730739399194e+00  1.8697730739399194e+00  1.3815858135612068e+01 3.4336036829896062e-02 -2.2425085595246346e+00 
 1.8697730739399194e+00  3.6418206651602221e+00  4.9286683121640795e-01 2.7899785702970602e-17 0.0000000000000000e+00 
 1.8697730739399194e+00  3.6418206651602221e+00  9.5997350486694710e-01 3.2033248183125424e-06 0.0000000000000000e+00 
 1.8697730739399194e+00  3.6418206651602221e+00  1.8697730739399194e+00 4.1778219828318480e-03 0.0000000000000000e+00 
 1.8697730739399194e+00  3.6418206651602221e+00  3.6418206651602221e+00 3.1570534330750528e-02 6.0349763285284019e-01 
 1.8697730739399194e+00  3.6418206651602221e+00  7.0932980809489461e+00 5.6073150121632949e-02 -6.8271049019608399e-02 
 1.8697730739399194e+00  3.6418206651602221e+00  1.3815858135612068e+01 6.5646937905120786e-02 -1.5007386925490262e-02 
 1.8697730739399194e+00  7.0932980809489461e+00  4.9286683121640795e-01 3.3878506281475895e-17 0.0000000000000000e+00 
 1.8697730739399194e+00  7.0932980809489461e+00  9.5997350486694710e-01 4.0154590887002419e-06 0.0000000000000000e+00 
 1.8697730739399194e+00  7.0932980809489461e+00  1.8697730739399194e+00 5.3792390266353702e-03 0.0000000000000000e+00 
 1.8697730739399194e+00  7.0932980809489461e+00  3.6418206651602221e+00 4.3637957984908209e-02 1.3193792244279245e+00 
 1.8697730739399194e+00  7.0932980809489461e+00  7.0932980809489461e+00 8.2391327654435992e-02 -7.1423592539507874e-01 
 1.8697730739399194e+00  7.0932980809489461e+00  1.3815858135612068e+01 9.8711270745452523e-02 -1.0879520518439147e+00 
 1.8697730739399194e+00  1.3815858135612068e+01  4.9286683121640795e-01 3.6010408398706143e-17 0.0000000000000000e+00 
 1.8697730739399194e+00  1.3815858135612068e+01  9.5997350486694710e-01 4.3006402544153507e-06 0.0000000000000000e+00 
 1.8697730739399194e+00  1.3815858135612068e+01  1.8697730739399194e+00 5.8087150492095426e-03 0.0000000000000000e+00 
 1.8697730739399194e+00  1.3815858135612068e+01  3.6418206651602221e+00 4.8394968642111645e-02 1.0337109594026876e+00 
 1.8697730739399194e+00  1.3815858135612068e+01  7.0932980809489461e+00 9.3504948703976493e-02 2.2442704521121914e-01 
 1.8697730739399194e+00  1.3815858135612068e+01  1.3815858135612068e+01 1.1298479225637141e-01 -2.4241571831677543e-02 
 3.6418206651602221e+00  3.6418206651602221e+00  4.9286683121640795e-01 3.1869622755665876e-17 0.0000000000000000e+00 
 3.6418206651602221e+00  3.6418206651602221e+00  9.5997350486694710e-01 3.4890696484396120e-06 0.0000000000000000e+00 
 3.6418206651602221e+00  3.6418206651602221e+00  1.8697730739399194e+00 4.2646855630781560e-03 0.0000000000000000e+00 
 3.6418206651602221e+00  3.6418206651602221e+00  3.6418206651602221e+00 3.3162945363119242e-02 -1.1237655343822190e+00 
 3.6418206651602221e+00  3.6418206651602221e+00  7.0932980809489461e+00 6.0330903684776289e-02 8.4075017095675297e-01 
 3.6418206651602221e+00  3.6418206651602221e+00  1.3815858135612068e+01 7.1192202554892461e-02 -2.7679571296859695e-01 
 3.6418206651602221e+00  7.0932980809489461e+00  4.9286683121640795e-01 2.9127297430196464e-17 0.0000000000000000e+00 
 3.6418206651602221e+00  7.0932980809489461e+00  9.5997350486694710e-01 3.1938168052542976e-06 0.0000000000000000e+00 
 3.6418206651602221e+00  7.0932980809489461e+00  1.8697730739399194e+00 3.8807521872293235e-03 0.0000000000000000e+00 
 3.6418206651602221e+00  7.0932980809489461e+00  3.6418206651602221e+00 3.1774205948135376e-02 1.1889774650631704e+00 
 3.6418206651602221e+00  7.0932980809489461e+00  7.0932980809489461e+00 6.0183766971221790e-02 1.2256987790898108e+00 
 3.6418206651602221e+00  7.0932980809489461e+00  1.3815858135612068e+01 7.2020001459266902e-02 -3.6798505047962787e-01 
 3.6418206651602221e+00  1.3815858135612068e+01  4.9286683121640795e-01 2.6968392187517981e-17 0.0000000000000000e+00 
 3.6418206651602221e+00  1.3815858135612068e+01  9.5997350486694710e-01 2.9672248063058811e-06 0.0000000000000000e+00 
 3.6418206651602221e+00  1.3815858135612068e+01  1.8697730739399194e+00 3.6214920781511852e-03 0.0000000000000000e+00 
 3.6418206651602221e+00  1.3815858135612068e+01  3.6418206651602221e+00 3.0272544825337689e-02 -2.2329269617539338e+00 
 3.6418206651602221e+00  1.3815858135612068e+01  7.0932980809489461e+00 5.8321128299887767e-02 5.5834205073064447e-01 
 3.6418206651602221e+00  1.3815858135612068e+01  1.3815858135612068e+01 7.0221463750304011e-02 -4.8693386787232784e-01 
 7.0932980809489461e+00  7.0932980809489461e+00  4.9286683121640795e-01 1.9173927152488150e-17 0.0000000000000000e+00 
 7.0932980809489461e+00  7.0932980809489461e+00  9.5997350486694710e-01 2.0651528633779257e-06 0.0000000000000000e+00 
 7.0932980809489461e+00  7.0932980809489461e+00  1.8697730739399194e+00 2.4382146942155732e-03 0.0000000000000000e+00 
 7.0932980809489461e+00  7.0932980809489461e+00  3.6418206651602221e+00 2.0973357364815488e-02 2.2949632877174766e+00 
 7.0932980809489461e+00  7.0932980809489461e+00  7.0932980809489461e+00 4.1161412036411660e-02 8.7260755940880863e-01 
 7.0932980809489461e+00  7.0932980809489461e+00  1.3815858135612068e+01 4.9826367524580327e-02 -3.1096169586154493e-01 
 7.0932980809489461e+00  1.3815858135612068e+01  4.9286683121640795e-01 1.3671447183987012e-17 0.0000000000000000e+00 
 7.0932980809489461e+00  1.3815858135612068e+01  9.5997350486694710e-01 1.4699500227132357e-06 0.0000000000000000e+00 
 7.0932980809489461e+00  1.3815858135612068e+01  1.8697730739399194e+00 1.7334915279365712e-03 0.0000000000000000e+00 
 7.0932980809489461e+00  1.3815858135612068e+01  3.6418206651602221e+00 1.5181780694774445e-02 -1.5362298295020989e+00 
 7.0932980809489461e+00  1.3815858135612068e+01  7.0932980809489461e+00 3.0164883401259945e-02 -4.3065995409030117e-01 
 7.0932980809489461e+00  1.3815858135612068e+01  1.3815858135612068e+01 3.6661731396355562e-02 -8.3086661749161062e-01 
 1.3815858135612068e+01  1.3815858135612068e+01  4.9286683121640795e-01 6.6365538204470673e-18 0.0000000000000000e+00 
 1.3815858135612068e+01  1.3815858135612068e+01  9.5997350486694710e-01 7.1033952201635801e-07 0.0000000000000000e+00 
 1.3815858135612068e+01  1.3815858135612068e+01  1.8697730739399194e+00 8.3279695798965984e-04 0.0000000000000000e+00 
 1.3815858135612068e+01  1.3815858135612068e+01  3.6418206651602221e+00 7.4194878558734682e-03 0.0000000000000000e+00 
 1.3815858135612068e+01  1.3815858135612068e+01  7.0932980809489461e+00 1.4910920452710745e-02 -4.7162453250440267e-01 
 1.3815858135612068e+01  1.3815858135612068e+01  1.3815858135612068e+01 1.8187629971356114e-02 -2.4614916305445711e-01 
