# system_name=aSiO2_4000K ml_type=Split2b3b Rc2b=7.00 Rc3b=7.00 elements="Si O" VT="1.00e-04 1.00e-05" regression_model=Ridge alpha=1.00e-01
Split2b3b
# number of species : Si O, order 1,2
2
# eta type: eta_r2 -> eta*r^2, (r_div_eta)^2-> (r/eta)^2, (r_div_2eta)^2-> (r/(2eta))^2
r2_div_eta2
# pair infor: Si-Si  Si-O # two body set: {eta, Rs, scales, coefs} centered order
# triplet infor: Si-SiSi  Si-SiO Si-OO # three body set: {eta1, eta2, eta3, scales, coefs} centered order
Si
Si O
60 60
56 126 126
 4.9286683121640795e-01  0.0000000000000000e+00 5.2592359312750697e-10 0.0000000000000000e+00 
 6.0198890705338348e-01  0.0000000000000000e+00 2.5785936246070352e-07 0.0000000000000000e+00 
 7.3527091145682877e-01  0.0000000000000000e+00 1.7858995803872461e-05 0.0000000000000000e+00 
 8.9806191924831269e-01  0.0000000000000000e+00 3.3992740155662358e-04 0.0000000000000000e+00 
 1.0968953051685049e+00  0.0000000000000000e+00 2.8453185212499585e-03 0.0000000000000000e+00 
 1.3397509511457530e+00  0.0000000000000000e+00 1.3909234092765881e-02 -3.4262060072237794e+00 
 1.6363755069771337e+00  0.0000000000000000e+00 4.5041553488935474e-02 2.8765915409447347e+00 
 1.9986735576076173e+00  0.0000000000000000e+00 1.0627876074357039e-01 2.3430722016372831e+00 
 2.4411853959237431e+00  0.0000000000000000e+00 2.0191351453317050e-01 1.0138317232432090e+00 
 2.9816705757615862e+00  0.0000000000000000e+00 3.3099928422095370e-01 3.6290612575205711e-01 
 3.6418206651602234e+00  0.0000000000000000e+00 4.8302473346258601e-01 2.8174702109121147e-01 
 4.4481298051514013e+00  0.0000000000000000e+00 6.3924654988600338e-01 4.1678068583751277e-01 
 5.4329580126663801e+00  0.0000000000000000e+00 7.8237025765076751e-01 4.8875102399118375e-01 
 6.6358299016391111e+00  0.0000000000000000e+00 9.0252346989750332e-01 4.0172193344669682e-01 
 8.1050209445437389e+00  0.0000000000000000e+00 9.9707820241076606e-01 1.9852295681352500e-01 
 9.8994949366116671e+00  0.0000000000000000e+00 1.0680425209493736e+00 -4.3738453602638006e-02 
 1.2091270419970126e+01  0.0000000000000000e+00 1.1195041578953091e+00 -2.7045601421036464e-01 
 1.4768311040611987e+01  0.0000000000000000e+00 1.1559209790668548e+00 -4.5741277120347040e-01 
 1.8038055838370770e+01  0.0000000000000000e+00 1.1812529871305468e+00 -6.0052386938896618e-01 
 2.2031731152833213e+01  0.0000000000000000e+00 1.1986662365180312e+00 -7.0512352311177040e-01 
 4.9286683121640795e-01  2.5000000000000000e+00 5.4182327506819139e-01 -5.0237470439328624e-01 
 6.0198890705338348e-01  2.5000000000000000e+00 5.8869416245722683e-01 -6.7038379603759329e-02 
 7.3527091145682877e-01  2.5000000000000000e+00 6.2453883656340192e-01 -1.0891959480979367e+00 
 8.9806191924831269e-01  2.5000000000000000e+00 6.5724467038925760e-01 -2.8096289935876223e-01 
 1.0968953051685049e+00  2.5000000000000000e+00 6.9736484404720978e-01 -1.0354497393685147e+00 
 1.3397509511457530e+00  2.5000000000000000e+00 7.5371623764051709e-01 -1.9429600392816078e+00 
 1.6363755069771337e+00  2.5000000000000000e+00 8.2750394473239242e-01 -1.5386068339482009e+00 
 1.9986735576076173e+00  2.5000000000000000e+00 9.0890184808268670e-01 -8.0489022118122067e-01 
 2.4411853959237431e+00  2.5000000000000000e+00 9.8515608169268165e-01 -2.5736603345728581e-01 
 2.9816705757615862e+00  2.5000000000000000e+00 1.0491816320694687e+00 2.0193640744591224e-01 
 3.6418206651602234e+00  2.5000000000000000e+00 1.0997553660385233e+00 5.1262054001179191e-01 
 4.4481298051514013e+00  2.5000000000000000e+00 1.1383209868210851e+00 5.8133177001191738e-01 
 5.4329580126663801e+00  2.5000000000000000e+00 1.1669693591685406e+00 4.4219913486357454e-01 
 6.6358299016391111e+00  2.5000000000000000e+00 1.1877650825719523e+00 1.9725356809507166e-01 
 8.1050209445437389e+00  2.5000000000000000e+00 1.2025593539843857e+00 -6.5377463155371435e-02 
 9.8994949366116671e+00  2.5000000000000000e+00 1.2129122645340937e+00 -2.9730889046360726e-01 
 1.2091270419970126e+01  2.5000000000000000e+00 1.2200661048998473e+00 -4.8200020066530996e-01 
 1.4768311040611987e+01  2.5000000000000000e+00 1.2249636967202862e+00 -6.2030700184665055e-01 
 1.8038055838370770e+01  2.5000000000000000e+00 1.2282945285525384e+00 -7.1997707325900973e-01 
 2.2031731152833213e+01  2.5000000000000000e+00 1.2305493767306981e+00 -7.9005492429417778e-01 
 4.9286683121640795e-01  5.0000000000000000e+00 8.5389310154595643e-01 -8.7722784373484208e-01 
 6.0198890705338348e-01  5.0000000000000000e+00 8.6958082230687705e-01 1.7426896757290684e+00 
 7.3527091145682877e-01  5.0000000000000000e+00 8.8156808808069753e-01 6.0136500696598905e-01 
 8.9806191924831269e-01  5.0000000000000000e+00 8.9363471633634473e-01 -1.9755467118676702e+00 
 1.0968953051685049e+00  5.0000000000000000e+00 9.0991674977951098e-01 -2.0119953073910994e+00 
 1.3397509511457530e+00  5.0000000000000000e+00 9.3382543414174335e-01 -5.6166762246217694e-02 
 1.6363755069771337e+00  5.0000000000000000e+00 9.6604030412478636e-01 1.6534484606890358e+00 
 1.9986735576076173e+00  5.0000000000000000e+00 1.0048650267770676e+00 2.2613597137085888e+00 
 2.4411853959237431e+00  5.0000000000000000e+00 1.0470640514274330e+00 2.0466753047491486e+00 
 2.9816705757615862e+00  5.0000000000000000e+00 1.0884196811773637e+00 1.4870763317954556e+00 
 3.6418206651602234e+00  5.0000000000000000e+00 1.1251942285534153e+00 8.8754973524422853e-01 
 4.4481298051514013e+00  5.0000000000000000e+00 1.1553573754047159e+00 3.7650759285649671e-01 
 5.4329580126663801e+00  5.0000000000000000e+00 1.1786255323433588e+00 -1.6530796677681044e-02 
 6.6358299016391111e+00  5.0000000000000000e+00 1.1957993259376449e+00 -3.0280774400251675e-01 
 8.1050209445437389e+00  5.0000000000000000e+00 1.2080898352062404e+00 -5.0492786900067055e-01 
 9.8994949366116671e+00  5.0000000000000000e+00 1.2167011025416412e+00 -6.4498270584789308e-01 
 1.2091270419970126e+01  5.0000000000000000e+00 1.2226481247757355e+00 -7.4090718840495062e-01 
 1.4768311040611987e+01  5.0000000000000000e+00 1.2267153014194747e+00 -8.0612146283207198e-01 
 1.8038055838370770e+01  5.0000000000000000e+00 1.2294786006939480e+00 -8.5024538083509049e-01 
 2.2031731152833213e+01  5.0000000000000000e+00 1.2313477293475417e+00 -8.8000611334598078e-01 
 4.9286683121640795e-01  0.0000000000000000e+00 4.3758705226968799e-05 0.0000000000000000e+00 
 6.0198890705338348e-01  0.0000000000000000e+00 8.3496371089518059e-04 0.0000000000000000e+00 
 7.3527091145682877e-01  0.0000000000000000e+00 6.2008900716793245e-03 0.0000000000000000e+00 
 8.9806191924831269e-01  0.0000000000000000e+00 2.3359794656971702e-02 -1.3140380489883732e+01 
 1.0968953051685049e+00  0.0000000000000000e+00 5.5374239690499469e-02 1.8580396013296859e+01 
 1.3397509511457530e+00  0.0000000000000000e+00 9.7564794007323707e-02 -1.1057558318058998e+01 
 1.6363755069771337e+00  0.0000000000000000e+00 1.4499021546887028e-01 -4.3987699295349492e+00 
 1.9986735576076173e+00  0.0000000000000000e+00 2.0663656128148894e-01 5.1267661197840715e+00 
 2.4411853959237431e+00  0.0000000000000000e+00 3.1516373246521234e-01 5.3326114655477452e+00 
 2.9816705757615862e+00  0.0000000000000000e+00 4.9208917709416494e-01 2.9635420362334401e+00 
 3.6418206651602234e+00  0.0000000000000000e+00 7.1895510178325417e-01 1.4937966701726293e+00 
 4.4481298051514013e+00  0.0000000000000000e+00 9.6005564538030463e-01 8.0485866862747091e-01 
 5.4329580126663801e+00  0.0000000000000000e+00 1.1849106674119396e+00 4.8622631935326238e-01 
 6.6358299016391111e+00  0.0000000000000000e+00 1.3758261005509642e+00 3.2084685148501974e-01 
 8.1050209445437389e+00  0.0000000000000000e+00 1.5271419219348801e+00 2.1837715816531869e-01 
 9.8994949366116671e+00  0.0000000000000000e+00 1.6411929811427981e+00 1.4642462766068751e-01 
 1.2091270419970126e+01  0.0000000000000000e+00 1.7241066738647657e+00 9.3731973590952783e-02 
 1.4768311040611987e+01  0.0000000000000000e+00 1.7828654812562221e+00 5.5285460520874637e-02 
 1.8038055838370770e+01  0.0000000000000000e+00 1.8237735654238776e+00 2.7721641349214572e-02 
 2.2031731152833213e+01  0.0000000000000000e+00 1.8519081196136620e+00 8.3118666864388513e-03 
 4.9286683121640795e-01  2.5000000000000000e+00 5.9131228598927021e-01 -2.2138856135588186e-01 
 6.0198890705338348e-01  2.5000000000000000e+00 6.5258231415436563e-01 1.4448304608716767e+00 
 7.3527091145682877e-01  2.5000000000000000e+00 7.1493112967657380e-01 -2.8346930356913207e+00 
 8.9806191924831269e-01  2.5000000000000000e+00 7.9338733160766894e-01 2.4490656745782737e+00 
 1.0968953051685049e+00  2.5000000000000000e+00 9.0187398622224690e-01 -1.0484041291001968e-01 
 1.3397509511457530e+00  2.5000000000000000e+00 1.0375620685781957e+00 -4.0889625338199709e+00 
 1.6363755069771337e+00  2.5000000000000000e+00 1.1838616442768604e+00 -3.5361137003320793e+00 
 1.9986735576076173e+00  2.5000000000000000e+00 1.3250805505446226e+00 -1.6801041166466908e+00 
 2.4411853959237431e+00  2.5000000000000000e+00 1.4524615921845700e+00 -6.4304292544772124e-01 
 2.9816705757615862e+00  2.5000000000000000e+00 1.5620701030847208e+00 -2.2768610345638904e-01 
 3.6418206651602234e+00  2.5000000000000000e+00 1.6524717580055581e+00 -4.2635208215252456e-02 
 4.4481298051514013e+00  2.5000000000000000e+00 1.7239934302971078e+00 4.6285073521769117e-02 
 5.4329580126663801e+00  2.5000000000000000e+00 1.7784231927763181e+00 7.7593182647292536e-02 
 6.6358299016391111e+00  2.5000000000000000e+00 1.8184882417782631e+00 7.5339322619818710e-02 
 8.1050209445437389e+00  2.5000000000000000e+00 1.8472069596962724e+00 5.8119988035583041e-02 
 9.8994949366116671e+00  2.5000000000000000e+00 1.8673846450384166e+00 3.7393796272057821e-02 
 1.2091270419970126e+01  2.5000000000000000e+00 1.8813570634747769e+00 1.8608382363586119e-02 
 1.4768311040611987e+01  2.5000000000000000e+00 1.8909337547450455e+00 3.5596844199722801e-03 
 1.8038055838370770e+01  2.5000000000000000e+00 1.8974510133829103e+00 -7.7151796885301192e-03 
 2.2031731152833213e+01  2.5000000000000000e+00 1.9018645902096047e+00 -1.5832910466659023e-02 
 4.9286683121640795e-01  5.0000000000000000e+00 1.0761571872868618e+00 -3.9983404993449112e-01 
 6.0198890705338348e-01  5.0000000000000000e+00 1.1055927193865089e+00 5.8610289426993161e-03 
 7.3527091145682877e-01  5.0000000000000000e+00 1.1156790004113721e+00 2.4825647099701582e+00 
 8.9806191924831269e-01  5.0000000000000000e+00 1.1174990351431859e+00 -1.7719042589164664e+00 
 1.0968953051685049e+00  5.0000000000000000e+00 1.1346145649232087e+00 -2.5651448648479365e+00 
 1.3397509511457530e+00  5.0000000000000000e+00 1.1885976430966843e+00 7.7208249759178005e-01 
 1.6363755069771337e+00  5.0000000000000000e+00 1.2818528470653248e+00 1.4922801883199575e+00 
 1.9986735576076173e+00  5.0000000000000000e+00 1.3969466165520341e+00 4.7786625363154156e-01 
 2.4411853959237431e+00  5.0000000000000000e+00 1.5120070770016631e+00 -2.2807340693614883e-01 
 2.9816705757615862e+00  5.0000000000000000e+00 1.6128767326034283e+00 -4.1049815686156399e-01 
 3.6418206651602234e+00  5.0000000000000000e+00 1.6944078466701205e+00 -3.6096617606726139e-01 
 4.4481298051514013e+00  5.0000000000000000e+00 1.7569463193200183e+00 -2.6384812025217047e-01 
 5.4329580126663801e+00  5.0000000000000000e+00 1.8031937978950106e+00 -1.8252444080325789e-01 
 6.6358299016391111e+00  5.0000000000000000e+00 1.8364787859066762e+00 -1.2700895833806755e-01 
 8.1050209445437389e+00  5.0000000000000000e+00 1.8599508054940748e+00 -9.1928114895760984e-02 
 9.8994949366116671e+00  5.0000000000000000e+00 1.8762547096519837e+00 -7.0322115608386887e-02 
 1.2091270419970126e+01  5.0000000000000000e+00 1.8874564344047937e+00 -5.7024438114592853e-02 
 1.4768311040611987e+01  5.0000000000000000e+00 1.8950932917391039e+00 -4.8751027482957621e-02 
 1.8038055838370770e+01  5.0000000000000000e+00 1.9002717553028206e+00 -4.3527319660547313e-02 
 2.2031731152833213e+01  5.0000000000000000e+00 1.9037701911586953e+00 -4.0181292473395899e-02 
 4.9286683121640795e-01  4.9286683121640795e-01  4.9286683121640795e-01 4.5051269552000248e-41 0.0000000000000000e+00 
 4.9286683121640795e-01  4.9286683121640795e-01  9.5997350486694710e-01 2.8863654632145341e-28 0.0000000000000000e+00 
 4.9286683121640795e-01  4.9286683121640795e-01  1.8697730739399194e+00 5.8832745923025389e-23 0.0000000000000000e+00 
 4.9286683121640795e-01  4.9286683121640795e-01  3.6418206651602221e+00 1.4793497652655891e-21 0.0000000000000000e+00 
 4.9286683121640795e-01  4.9286683121640795e-01  7.0932980809489461e+00 3.4619390943646128e-21 0.0000000000000000e+00 
 4.9286683121640795e-01  4.9286683121640795e-01  1.3815858135612068e+01 4.3317128669973271e-21 0.0000000000000000e+00 
 4.9286683121640795e-01  9.5997350486694710e-01  9.5997350486694710e-01 2.0451410609214353e-20 0.0000000000000000e+00 
 4.9286683121640795e-01  9.5997350486694710e-01  1.8697730739399194e+00 1.5336685870894640e-15 0.0000000000000000e+00 
 4.9286683121640795e-01  9.5997350486694710e-01  3.6418206651602221e+00 3.7465632928401571e-14 0.0000000000000000e+00 
 4.9286683121640795e-01  9.5997350486694710e-01  7.0932980809489461e+00 8.8049545391679411e-14 0.0000000000000000e+00 
 4.9286683121640795e-01  9.5997350486694710e-01  1.3815858135612068e+01 1.1048102715073163e-13 0.0000000000000000e+00 
 4.9286683121640795e-01  1.8697730739399194e+00  1.8697730739399194e+00 9.1790638572664594e-13 0.0000000000000000e+00 
 4.9286683121640795e-01  1.8697730739399194e+00  3.6418206651602221e+00 2.0156544815893397e-11 0.0000000000000000e+00 
 4.9286683121640795e-01  1.8697730739399194e+00  7.0932980809489461e+00 5.4389092321126149e-11 0.0000000000000000e+00 
 4.9286683121640795e-01  1.8697730739399194e+00  1.3815858135612068e+01 7.1704898137532792e-11 0.0000000000000000e+00 
 4.9286683121640795e-01  3.6418206651602221e+00  3.6418206651602221e+00 3.4753800457413875e-10 0.0000000000000000e+00 
 4.9286683121640795e-01  3.6418206651602221e+00  7.0932980809489461e+00 8.7923551155753323e-10 0.0000000000000000e+00 
 4.9286683121640795e-01  3.6418206651602221e+00  1.3815858135612068e+01 1.1436929986644614e-09 0.0000000000000000e+00 
 4.9286683121640795e-01  7.0932980809489461e+00  7.0932980809489461e+00 2.1736954509734971e-09 0.0000000000000000e+00 
 4.9286683121640795e-01  7.0932980809489461e+00  1.3815858135612068e+01 2.8138465275418978e-09 0.0000000000000000e+00 
 4.9286683121640795e-01  1.3815858135612068e+01  1.3815858135612068e+01 3.6392329817289647e-09 0.0000000000000000e+00 
 9.5997350486694710e-01  9.5997350486694710e-01  9.5997350486694710e-01 7.3501991212953168e-12 0.0000000000000000e+00 
 9.5997350486694710e-01  9.5997350486694710e-01  1.8697730739399194e+00 6.1030527569931267e-09 0.0000000000000000e+00 
 9.5997350486694710e-01  9.5997350486694710e-01  3.6418206651602221e+00 1.1434526940380282e-07 0.0000000000000000e+00 
 9.5997350486694710e-01  9.5997350486694710e-01  7.0932980809489461e+00 2.5766308453726607e-07 0.0000000000000000e+00 
 9.5997350486694710e-01  9.5997350486694710e-01  1.3815858135612068e+01 3.1967230540722983e-07 0.0000000000000000e+00 
 9.5997350486694710e-01  1.8697730739399194e+00  1.8697730739399194e+00 1.6318246022638269e-06 0.0000000000000000e+00 
 9.5997350486694710e-01  1.8697730739399194e+00  3.6418206651602221e+00 1.6347415518953505e-05 0.0000000000000000e+00 
 9.5997350486694710e-01  1.8697730739399194e+00  7.0932980809489461e+00 3.5928404144786348e-05 0.0000000000000000e+00 
 9.5997350486694710e-01  1.8697730739399194e+00  1.3815858135612068e+01 4.4981351957738773e-05 0.0000000000000000e+00 
 9.5997350486694710e-01  3.6418206651602221e+00  3.6418206651602221e+00 1.6970102743595495e-04 0.0000000000000000e+00 
 9.5997350486694710e-01  3.6418206651602221e+00  7.0932980809489461e+00 3.8998422827921548e-04 0.0000000000000000e+00 
 9.5997350486694710e-01  3.6418206651602221e+00  1.3815858135612068e+01 4.9576715920262779e-04 0.0000000000000000e+00 
 9.5997350486694710e-01  7.0932980809489461e+00  7.0932980809489461e+00 9.0253598901602076e-04 0.0000000000000000e+00 
 9.5997350486694710e-01  7.0932980809489461e+00  1.3815858135612068e+01 1.1498880924577090e-03 0.0000000000000000e+00 
 9.5997350486694710e-01  1.3815858135612068e+01  1.3815858135612068e+01 1.4661458866094908e-03 0.0000000000000000e+00 
 1.8697730739399194e+00  1.8697730739399194e+00  1.8697730739399194e+00 3.6947524715719767e-04 0.0000000000000000e+00 
 1.8697730739399194e+00  1.8697730739399194e+00  3.6418206651602221e+00 2.1058936040625831e-03 0.0000000000000000e+00 
 1.8697730739399194e+00  1.8697730739399194e+00  7.0932980809489461e+00 3.6605417035233527e-03 0.0000000000000000e+00 
 1.8697730739399194e+00  1.8697730739399194e+00  1.3815858135612068e+01 4.2897884448992070e-03 0.0000000000000000e+00 
 1.8697730739399194e+00  3.6418206651602221e+00  3.6418206651602221e+00 1.1340093247133079e-02 1.6389916826415543e+00 
 1.8697730739399194e+00  3.6418206651602221e+00  7.0932980809489461e+00 1.9585332914165521e-02 -6.0009875867522273e-02 
 1.8697730739399194e+00  3.6418206651602221e+00  1.3815858135612068e+01 2.2957068470915512e-02 -3.7106703321596788e+00 
 1.8697730739399194e+00  7.0932980809489461e+00  7.0932980809489461e+00 3.4806101795628631e-02 1.7195349519361567e+00 
 1.8697730739399194e+00  7.0932980809489461e+00  1.3815858135612068e+01 4.1327849215871883e-02 3.9266962196159155e-01 
 1.8697730739399194e+00  1.3815858135612068e+01  1.3815858135612068e+01 4.9346723192983624e-02 1.1272862806453883e-01 
 3.6418206651602221e+00  3.6418206651602221e+00  3.6418206651602221e+00 4.7752225644806641e-02 -2.1704291856217615e+00 
 3.6418206651602221e+00  3.6418206651602221e+00  7.0932980809489461e+00 7.0499120177123509e-02 9.1526885677420100e-01 
 3.6418206651602221e+00  3.6418206651602221e+00  1.3815858135612068e+01 7.7786166515530011e-02 2.8698301039517951e+00 
 3.6418206651602221e+00  7.0932980809489461e+00  7.0932980809489461e+00 9.4672070330082875e-02 1.3194003588365813e-01 
 3.6418206651602221e+00  7.0932980809489461e+00  1.3815858135612068e+01 1.0027315851438401e-01 1.3614919427532648e-01 
 3.6418206651602221e+00  1.3815858135612068e+01  1.3815858135612068e+01 1.0424681959615857e-01 -3.0024721168873292e+00 
 7.0932980809489461e+00  7.0932980809489461e+00  7.0932980809489461e+00 9.9644117406940041e-02 -1.0910027027121956e+00 
 7.0932980809489461e+00  7.0932980809489461e+00  1.3815858135612068e+01 9.1720200996092210e-02 6.3240275571231308e-01 
 7.0932980809489461e+00  1.3815858135612068e+01  1.3815858135612068e+01 7.5698664057521001e-02 8.6236743250892200e-01 
 1.3815858135612068e+01  1.3815858135612068e+01  1.3815858135612068e+01 4.8241131291663318e-02 5.7996035498269416e-01 
 4.9286683121640795e-01  4.9286683121640795e-01  4.9286683121640795e-01 1.0187012351879573e-16 0.0000000000000000e+00 
 4.9286683121640795e-01  4.9286683121640795e-01  9.5997350486694710e-01 4.2975698810680086e-14 0.0000000000000000e+00 
 4.9286683121640795e-01  4.9286683121640795e-01  1.8697730739399194e+00 2.1813474908853465e-13 0.0000000000000000e+00 
 4.9286683121640795e-01  4.9286683121640795e-01  3.6418206651602221e+00 3.3871634166883555e-13 0.0000000000000000e+00 
 4.9286683121640795e-01  4.9286683121640795e-01  7.0932980809489461e+00 3.8177818074391776e-13 0.0000000000000000e+00 
 4.9286683121640795e-01  4.9286683121640795e-01  1.3815858135612068e+01 3.9422776356033286e-13 0.0000000000000000e+00 
 4.9286683121640795e-01  9.5997350486694710e-01  9.5997350486694710e-01 2.1462829980096436e-11 0.0000000000000000e+00 
 4.9286683121640795e-01  9.5997350486694710e-01  1.8697730739399194e+00 1.5295312174322939e-10 0.0000000000000000e+00 
 4.9286683121640795e-01  9.5997350486694710e-01  3.6418206651602221e+00 3.0359052456908165e-10 0.0000000000000000e+00 
 4.9286683121640795e-01  9.5997350486694710e-01  7.0932980809489461e+00 3.8131967537137823e-10 0.0000000000000000e+00 
 4.9286683121640795e-01  9.5997350486694710e-01  1.3815858135612068e+01 4.0715175258739518e-10 0.0000000000000000e+00 
 4.9286683121640795e-01  1.8697730739399194e+00  1.8697730739399194e+00 1.3898996504074895e-09 0.0000000000000000e+00 
 4.9286683121640795e-01  1.8697730739399194e+00  3.6418206651602221e+00 3.0268451996856406e-09 0.0000000000000000e+00 
 4.9286683121640795e-01  1.8697730739399194e+00  7.0932980809489461e+00 3.9702991330298789e-09 0.0000000000000000e+00 
 4.9286683121640795e-01  1.8697730739399194e+00  1.3815858135612068e+01 4.3009584989530159e-09 0.0000000000000000e+00 
 4.9286683121640795e-01  3.6418206651602221e+00  3.6418206651602221e+00 7.0621613562991466e-09 0.0000000000000000e+00 
 4.9286683121640795e-01  3.6418206651602221e+00  7.0932980809489461e+00 9.8403198164707477e-09 0.0000000000000000e+00 
 4.9286683121640795e-01  3.6418206651602221e+00  1.3815858135612068e+01 1.0922943470880984e-08 0.0000000000000000e+00 
 4.9286683121640795e-01  7.0932980809489461e+00  7.0932980809489461e+00 1.4458505306433242e-08 0.0000000000000000e+00 
 4.9286683121640795e-01  7.0932980809489461e+00  1.3815858135612068e+01 1.6378859124347761e-08 0.0000000000000000e+00 
 4.9286683121640795e-01  1.3815858135612068e+01  1.3815858135612068e+01 1.8692424499062325e-08 0.0000000000000000e+00 
 9.5997350486694710e-01  4.9286683121640795e-01  4.9286683121640795e-01 6.5095389943277138e-11 0.0000000000000000e+00 
 9.5997350486694710e-01  4.9286683121640795e-01  9.5997350486694710e-01 2.4248176880704101e-08 0.0000000000000000e+00 
 9.5997350486694710e-01  4.9286683121640795e-01  1.8697730739399194e+00 1.1929028801786545e-07 0.0000000000000000e+00 
 9.5997350486694710e-01  4.9286683121640795e-01  3.6418206651602221e+00 1.8458073671109700e-07 0.0000000000000000e+00 
 9.5997350486694710e-01  4.9286683121640795e-01  7.0932980809489461e+00 2.0854962592979991e-07 0.0000000000000000e+00 
 9.5997350486694710e-01  4.9286683121640795e-01  1.3815858135612068e+01 2.1565767211110154e-07 0.0000000000000000e+00 
 9.5997350486694710e-01  9.5997350486694710e-01  9.5997350486694710e-01 9.9798265344488449e-06 0.0000000000000000e+00 
 9.5997350486694710e-01  9.5997350486694710e-01  1.8697730739399194e+00 6.5644327493768781e-05 0.0000000000000000e+00 
 9.5997350486694710e-01  9.5997350486694710e-01  3.6418206651602221e+00 1.2600684794380091e-04 0.0000000000000000e+00 
 9.5997350486694710e-01  9.5997350486694710e-01  7.0932980809489461e+00 1.5726932619527381e-04 0.0000000000000000e+00 
 9.5997350486694710e-01  9.5997350486694710e-01  1.3815858135612068e+01 1.6774036427739364e-04 0.0000000000000000e+00 
 9.5997350486694710e-01  1.8697730739399194e+00  1.8697730739399194e+00 5.3663111571888324e-04 0.0000000000000000e+00 
 9.5997350486694710e-01  1.8697730739399194e+00  3.6418206651602221e+00 1.1547005955549739e-03 0.0000000000000000e+00 
 9.5997350486694710e-01  1.8697730739399194e+00  7.0932980809489461e+00 1.5238494218897849e-03 0.0000000000000000e+00 
 9.5997350486694710e-01  1.8697730739399194e+00  1.3815858135612068e+01 1.6547140417765879e-03 0.0000000000000000e+00 
 9.5997350486694710e-01  3.6418206651602221e+00  3.6418206651602221e+00 2.6986298272703262e-03 0.0000000000000000e+00 
 9.5997350486694710e-01  3.6418206651602221e+00  7.0932980809489461e+00 3.7857946707596274e-03 0.0000000000000000e+00 
 9.5997350486694710e-01  3.6418206651602221e+00  1.3815858135612068e+01 4.2085260504169230e-03 0.0000000000000000e+00 
 9.5997350486694710e-01  7.0932980809489461e+00  7.0932980809489461e+00 5.5774381760606683e-03 0.0000000000000000e+00 
 9.5997350486694710e-01  7.0932980809489461e+00  1.3815858135612068e+01 6.3156398922077648e-03 0.0000000000000000e+00 
 9.5997350486694710e-01  1.3815858135612068e+01  1.3815858135612068e+01 7.1996184837156453e-03 0.0000000000000000e+00 
 1.8697730739399194e+00  4.9286683121640795e-01  4.9286683121640795e-01 2.2184165740156840e-09 0.0000000000000000e+00 
 1.8697730739399194e+00  4.9286683121640795e-01  9.5997350486694710e-01 9.0400219737575321e-07 0.0000000000000000e+00 
 1.8697730739399194e+00  4.9286683121640795e-01  1.8697730739399194e+00 5.4969724757720420e-06 0.0000000000000000e+00 
 1.8697730739399194e+00  4.9286683121640795e-01  3.6418206651602221e+00 1.1537180684423059e-05 0.0000000000000000e+00 
 1.8697730739399194e+00  4.9286683121640795e-01  7.0932980809489461e+00 1.6028997574913015e-05 0.0000000000000000e+00 
 1.8697730739399194e+00  4.9286683121640795e-01  1.3815858135612068e+01 1.7795206868064543e-05 0.0000000000000000e+00 
 1.8697730739399194e+00  9.5997350486694710e-01  9.5997350486694710e-01 4.0951806459363821e-04 0.0000000000000000e+00 
 1.8697730739399194e+00  9.5997350486694710e-01  1.8697730739399194e+00 2.4299952940858641e-03 0.0000000000000000e+00 
 1.8697730739399194e+00  9.5997350486694710e-01  3.6418206651602221e+00 4.7435834459222852e-03 0.0000000000000000e+00 
 1.8697730739399194e+00  9.5997350486694710e-01  7.0932980809489461e+00 6.0880608475674738e-03 0.0000000000000000e+00 
 1.8697730739399194e+00  9.5997350486694710e-01  1.3815858135612068e+01 6.5553464432389890e-03 0.0000000000000000e+00 
 1.8697730739399194e+00  1.8697730739399194e+00  1.8697730739399194e+00 1.5771580972040369e-02 1.0889062997472390e-01 
 1.8697730739399194e+00  1.8697730739399194e+00  3.6418206651602221e+00 3.3794227849851435e-02 -2.0378872876314600e+00 
 1.8697730739399194e+00  1.8697730739399194e+00  7.0932980809489461e+00 4.4855989681565546e-02 1.1891614496972749e+00 
 1.8697730739399194e+00  1.8697730739399194e+00  1.3815858135612068e+01 4.8733975709480792e-02 -2.3642909929245703e-01 
 1.8697730739399194e+00  3.6418206651602221e+00  3.6418206651602221e+00 7.8858608585274159e-02 -3.7896069397363776e+00 
 1.8697730739399194e+00  3.6418206651602221e+00  7.0932980809489461e+00 1.1045258317884753e-01 -1.3589369772078328e+00 
 1.8697730739399194e+00  3.6418206651602221e+00  1.3815858135612068e+01 1.2242632125555276e-01 -2.0888385544526971e-02 
 1.8697730739399194e+00  7.0932980809489461e+00  7.0932980809489461e+00 1.6101486157057604e-01 8.9141257331147994e-01 
 1.8697730739399194e+00  7.0932980809489461e+00  1.3815858135612068e+01 1.8116264124550491e-01 1.5095870926465542e+00 
 1.8697730739399194e+00  1.3815858135612068e+01  1.3815858135612068e+01 2.0495781542345198e-01 1.2465151616169377e+00 
 3.6418206651602221e+00  4.9286683121640795e-01  4.9286683121640795e-01 6.2472076333834069e-09 0.0000000000000000e+00 
 3.6418206651602221e+00  4.9286683121640795e-01  9.5997350486694710e-01 3.1765879018502138e-06 0.0000000000000000e+00 
 3.6418206651602221e+00  4.9286683121640795e-01  1.8697730739399194e+00 2.3830630595381929e-05 0.0000000000000000e+00 
 3.6418206651602221e+00  4.9286683121640795e-01  3.6418206651602221e+00 6.7527535721391746e-05 0.0000000000000000e+00 
 3.6418206651602221e+00  4.9286683121640795e-01  7.0932980809489461e+00 1.0993229252896450e-04 0.0000000000000000e+00 
 3.6418206651602221e+00  4.9286683121640795e-01  1.3815858135612068e+01 1.2796195632972085e-04 0.0000000000000000e+00 
 3.6418206651602221e+00  9.5997350486694710e-01  9.5997350486694710e-01 1.4946028861053564e-03 0.0000000000000000e+00 
 3.6418206651602221e+00  9.5997350486694710e-01  1.8697730739399194e+00 7.5115969495652751e-03 0.0000000000000000e+00 
 3.6418206651602221e+00  9.5997350486694710e-01  3.6418206651602221e+00 1.6685545365538821e-02 -2.9278092528645159e+00 
 3.6418206651602221e+00  9.5997350486694710e-01  7.0932980809489461e+00 2.4804039281123583e-02 3.0196454425240749e+00 
 3.6418206651602221e+00  9.5997350486694710e-01  1.3815858135612068e+01 2.8151375700293236e-02 -1.4871502450344498e+00 
 3.6418206651602221e+00  1.8697730739399194e+00  1.8697730739399194e+00 3.3927798452037118e-02 2.4820951053731810e+00 
 3.6418206651602221e+00  1.8697730739399194e+00  3.6418206651602221e+00 6.7870484859925320e-02 4.8248934413347646e+00 
 3.6418206651602221e+00  1.8697730739399194e+00  7.0932980809489461e+00 8.7568037757536993e-02 3.7314477790794678e+00 
 3.6418206651602221e+00  1.8697730739399194e+00  1.3815858135612068e+01 9.4004266613861187e-02 4.0074020685310829e+00 
 3.6418206651602221e+00  3.6418206651602221e+00  3.6418206651602221e+00 1.4844683536779932e-01 9.1352442151575886e-01 
 3.6418206651602221e+00  3.6418206651602221e+00  7.0932980809489461e+00 1.9738766677530345e-01 -1.6170153963462888e+00 
 3.6418206651602221e+00  3.6418206651602221e+00  1.3815858135612068e+01 2.1369934260487355e-01 1.4862324920041985e+00 
 3.6418206651602221e+00  7.0932980809489461e+00  7.0932980809489461e+00 2.6799092977632999e-01 -1.1459719245322006e+00 
 3.6418206651602221e+00  7.0932980809489461e+00  1.3815858135612068e+01 2.9198834875618124e-01 1.8610352280168291e-01 
 3.6418206651602221e+00  1.3815858135612068e+01  1.3815858135612068e+01 3.1873844311527794e-01 -7.9544069803140871e-01 
 7.0932980809489461e+00  4.9286683121640795e-01  4.9286683121640795e-01 8.4223234883884073e-09 0.0000000000000000e+00 
 7.0932980809489461e+00  4.9286683121640795e-01  9.5997350486694710e-01 4.6215367332611571e-06 0.0000000000000000e+00 
 7.0932980809489461e+00  4.9286683121640795e-01  1.8697730739399194e+00 3.7032128480192611e-05 0.0000000000000000e+00 
 7.0932980809489461e+00  4.9286683121640795e-01  3.6418206651602221e+00 1.1930082529076101e-04 0.0000000000000000e+00 
 7.0932980809489461e+00  4.9286683121640795e-01  7.0932980809489461e+00 2.0769777206456364e-04 0.0000000000000000e+00 
 7.0932980809489461e+00  4.9286683121640795e-01  1.3815858135612068e+01 2.4669311468212982e-04 0.0000000000000000e+00 
 7.0932980809489461e+00  9.5997350486694710e-01  9.5997350486694710e-01 2.1603599418501965e-03 0.0000000000000000e+00 
 7.0932980809489461e+00  9.5997350486694710e-01  1.8697730739399194e+00 1.0356126660763984e-02 -1.2607202542336002e+00 
 7.0932980809489461e+00  9.5997350486694710e-01  3.6418206651602221e+00 2.6190305301030992e-02 -7.4338196616255414e-01 
 7.0932980809489461e+00  9.5997350486694710e-01  7.0932980809489461e+00 4.2839532757016199e-02 -2.4260475612268309e-01 
 7.0932980809489461e+00  9.5997350486694710e-01  1.3815858135612068e+01 5.0118456419029365e-02 -4.5246330582077441e+00 
 7.0932980809489461e+00  1.8697730739399194e+00  1.8697730739399194e+00 3.9418371221161944e-02 4.7006515564890163e+00 
 7.0932980809489461e+00  1.8697730739399194e+00  3.6418206651602221e+00 7.4557408031612801e-02 8.2796969569391610e-01 
 7.0932980809489461e+00  1.8697730739399194e+00  7.0932980809489461e+00 9.4782137983040318e-02 -1.9627762187280389e+00 
 7.0932980809489461e+00  1.8697730739399194e+00  1.3815858135612068e+01 1.0168265189471229e-01 -4.2935781956563162e+00 
 7.0932980809489461e+00  3.6418206651602221e+00  3.6418206651602221e+00 1.4417232621593393e-01 4.3388764763059431e+00 
 7.0932980809489461e+00  3.6418206651602221e+00  7.0932980809489461e+00 1.7008298668129809e-01 -3.0017307892536644e+00 
 7.0932980809489461e+00  3.6418206651602221e+00  1.3815858135612068e+01 1.7360030500071874e-01 1.5945589926378474e-02 
 7.0932980809489461e+00  7.0932980809489461e+00  7.0932980809489461e+00 1.9019921587071156e-01 -2.9226204008174310e+00 
 7.0932980809489461e+00  7.0932980809489461e+00  1.3815858135612068e+01 1.8729943103671617e-01 2.1190396008322757e-01 
 7.0932980809489461e+00  1.3815858135612068e+01  1.3815858135612068e+01 1.8012103857288067e-01 -2.3255696447865587e-01 
 1.3815858135612068e+01  4.9286683121640795e-01  4.9286683121640795e-01 9.1339759499896461e-09 0.0000000000000000e+00 
 1.3815858135612068e+01  4.9286683121640795e-01  9.5997350486694710e-01 5.1161865584979918e-06 0.0000000000000000e+00 
 1.3815858135612068e+01  4.9286683121640795e-01  1.8697730739399194e+00 4.1774183521226844e-05 0.0000000000000000e+00 
 1.3815858135612068e+01  4.9286683121640795e-01  3.6418206651602221e+00 1.4028079410688757e-04 0.0000000000000000e+00 
 1.3815858135612068e+01  4.9286683121640795e-01  7.0932980809489461e+00 2.4950894589241269e-04 0.0000000000000000e+00 
 1.3815858135612068e+01  4.9286683121640795e-01  1.3815858135612068e+01 2.9826191124031977e-04 0.0000000000000000e+00 
 1.3815858135612068e+01  9.5997350486694710e-01  9.5997350486694710e-01 2.3845681315450124e-03 0.0000000000000000e+00 
 1.3815858135612068e+01  9.5997350486694710e-01  1.8697730739399194e+00 1.1305216277316227e-02 1.9253738372897040e+00 
 1.3815858135612068e+01  9.5997350486694710e-01  3.6418206651602221e+00 2.9959662925870802e-02 1.8833543688739378e+00 
 1.3815858135612068e+01  9.5997350486694710e-01  7.0932980809489461e+00 5.0479569899724103e-02 3.6682923349379490e+00 
 1.3815858135612068e+01  9.5997350486694710e-01  1.3815858135612068e+01 5.9597152920812128e-02 5.3678385871863377e-01 
 1.3815858135612068e+01  1.8697730739399194e+00  1.8697730739399194e+00 4.0861009201616172e-02 -9.3087804990092735e+00 
 1.3815858135612068e+01  1.8697730739399194e+00  3.6418206651602221e+00 7.5364439725810736e-02 -4.8259117093286310e+00 
 1.3815858135612068e+01  1.8697730739399194e+00  7.0932980809489461e+00 9.5906845314974620e-02 1.4977321195893547e+00 
 1.3815858135612068e+01  1.8697730739399194e+00  1.3815858135612068e+01 1.0368486635006545e-01 4.3485935985660762e-01 
 1.3815858135612068e+01  3.6418206651602221e+00  3.6418206651602221e+00 1.3436070385261994e-01 4.4601508722509369e+00 
 1.3815858135612068e+01  3.6418206651602221e+00  7.0932980809489461e+00 1.4424691020606914e-01 -2.5359095779501377e+00 
 1.3815858135612068e+01  3.6418206651602221e+00  1.3815858135612068e+01 1.3963238659861127e-01 1.3890890407677485e+00 
 1.3815858135612068e+01  7.0932980809489461e+00  7.0932980809489461e+00 1.3133362267286242e-01 -3.4229033350696842e+00 
 1.3815858135612068e+01  7.0932980809489461e+00  1.3815858135612068e+01 1.1173600567760023e-01 1.8895884059281205e+00 
 1.3815858135612068e+01  1.3815858135612068e+01  1.3815858135612068e+01 8.3744893944915494e-02 1.7049506585269516e+00 
 4.9286683121640795e-01  4.9286683121640795e-01  4.9286683121640795e-01 4.3588509264061511e-17 0.0000000000000000e+00 
 4.9286683121640795e-01  4.9286683121640795e-01  9.5997350486694710e-01 3.0295309432546715e-11 0.0000000000000000e+00 
 4.9286683121640795e-01  4.9286683121640795e-01  1.8697730739399194e+00 1.6934234117860951e-09 0.0000000000000000e+00 
 4.9286683121640795e-01  4.9286683121640795e-01  3.6418206651602221e+00 5.4670641039981461e-09 0.0000000000000000e+00 
 4.9286683121640795e-01  4.9286683121640795e-01  7.0932980809489461e+00 7.5304896606726102e-09 0.0000000000000000e+00 
 4.9286683121640795e-01  4.9286683121640795e-01  1.3815858135612068e+01 8.2006388703892758e-09 0.0000000000000000e+00 
 4.9286683121640795e-01  9.5997350486694710e-01  4.9286683121640795e-01 7.0382245079953569e-14 0.0000000000000000e+00 
 4.9286683121640795e-01  9.5997350486694710e-01  9.5997350486694710e-01 2.5270309004907136e-08 0.0000000000000000e+00 
 4.9286683121640795e-01  9.5997350486694710e-01  1.8697730739399194e+00 1.8454873266667779e-06 0.0000000000000000e+00 
 4.9286683121640795e-01  9.5997350486694710e-01  3.6418206651602221e+00 6.7936474957916748e-06 0.0000000000000000e+00 
 4.9286683121640795e-01  9.5997350486694710e-01  7.0932980809489461e+00 9.7190693775531710e-06 0.0000000000000000e+00 
 4.9286683121640795e-01  9.5997350486694710e-01  1.3815858135612068e+01 1.0692273989812072e-05 0.0000000000000000e+00 
 4.9286683121640795e-01  1.8697730739399194e+00  4.9286683121640795e-01 5.5159351686651084e-13 0.0000000000000000e+00 
 4.9286683121640795e-01  1.8697730739399194e+00  9.5997350486694710e-01 1.9123451902065483e-07 0.0000000000000000e+00 
 4.9286683121640795e-01  1.8697730739399194e+00  1.8697730739399194e+00 1.8678274937233407e-05 0.0000000000000000e+00 
 4.9286683121640795e-01  1.8697730739399194e+00  3.6418206651602221e+00 7.7416078477996527e-05 0.0000000000000000e+00 
 4.9286683121640795e-01  1.8697730739399194e+00  7.0932980809489461e+00 1.1524596826270813e-04 0.0000000000000000e+00 
 4.9286683121640795e-01  1.8697730739399194e+00  1.3815858135612068e+01 1.2828852987879902e-04 0.0000000000000000e+00 
 4.9286683121640795e-01  3.6418206651602221e+00  4.9286683121640795e-01 1.1597815608440095e-12 0.0000000000000000e+00 
 4.9286683121640795e-01  3.6418206651602221e+00  9.5997350486694710e-01 3.8559798391399180e-07 0.0000000000000000e+00 
 4.9286683121640795e-01  3.6418206651602221e+00  1.8697730739399194e+00 4.4722522644061855e-05 0.0000000000000000e+00 
 4.9286683121640795e-01  3.6418206651602221e+00  3.6418206651602221e+00 2.1127814309277284e-04 0.0000000000000000e+00 
 4.9286683121640795e-01  3.6418206651602221e+00  7.0932980809489461e+00 3.4077184174926054e-04 0.0000000000000000e+00 
 4.9286683121640795e-01  3.6418206651602221e+00  1.3815858135612068e+01 3.9044173653754059e-04 0.0000000000000000e+00 
 4.9286683121640795e-01  7.0932980809489461e+00  4.9286683121640795e-01 1.6044674587082151e-12 0.0000000000000000e+00 
 4.9286683121640795e-01  7.0932980809489461e+00  9.5997350486694710e-01 4.9565330760417812e-07 0.0000000000000000e+00 
 4.9286683121640795e-01  7.0932980809489461e+00  1.8697730739399194e+00 6.1978710119474001e-05 0.0000000000000000e+00 
 4.9286683121640795e-01  7.0932980809489461e+00  3.6418206651602221e+00 3.1817482519873016e-04 0.0000000000000000e+00 
 4.9286683121640795e-01  7.0932980809489461e+00  7.0932980809489461e+00 5.4273397363297610e-04 0.0000000000000000e+00 
 4.9286683121640795e-01  7.0932980809489461e+00  1.3815858135612068e+01 6.3446502315925172e-04 0.0000000000000000e+00 
 4.9286683121640795e-01  1.3815858135612068e+01  4.9286683121640795e-01 1.7740367708873329e-12 0.0000000000000000e+00 
 4.9286683121640795e-01  1.3815858135612068e+01  9.5997350486694710e-01 5.3408145921772111e-07 0.0000000000000000e+00 
 4.9286683121640795e-01  1.3815858135612068e+01  1.8697730739399194e+00 6.8324412207479608e-05 0.0000000000000000e+00 
 4.9286683121640795e-01  1.3815858135612068e+01  3.6418206651602221e+00 3.6080336255433994e-04 0.0000000000000000e+00 
 4.9286683121640795e-01  1.3815858135612068e+01  7.0932980809489461e+00 6.2734941548606496e-04 0.0000000000000000e+00 
 4.9286683121640795e-01  1.3815858135612068e+01  1.3815858135612068e+01 7.3836521130677096e-04 0.0000000000000000e+00 
 9.5997350486694710e-01  9.5997350486694710e-01  4.9286683121640795e-01 1.0003026340185351e-10 0.0000000000000000e+00 
 9.5997350486694710e-01  9.5997350486694710e-01  9.5997350486694710e-01 1.4784815947055555e-05 0.0000000000000000e+00 
 9.5997350486694710e-01  9.5997350486694710e-01  1.8697730739399194e+00 8.6179674195777914e-04 0.0000000000000000e+00 
 9.5997350486694710e-01  9.5997350486694710e-01  3.6418206651602221e+00 2.7647577039665860e-03 0.0000000000000000e+00 
 9.5997350486694710e-01  9.5997350486694710e-01  7.0932980809489461e+00 3.7722289256622789e-03 0.0000000000000000e+00 
 9.5997350486694710e-01  9.5997350486694710e-01  1.3815858135612068e+01 4.0945316553101579e-03 0.0000000000000000e+00 
 9.5997350486694710e-01  1.8697730739399194e+00  4.9286683121640795e-01 5.8178483514209191e-10 0.0000000000000000e+00 
 9.5997350486694710e-01  1.8697730739399194e+00  9.5997350486694710e-01 8.1215120306347716e-05 0.0000000000000000e+00 
 9.5997350486694710e-01  1.8697730739399194e+00  1.8697730739399194e+00 5.1583437829578714e-03 0.0000000000000000e+00 
 9.5997350486694710e-01  1.8697730739399194e+00  3.6418206651602221e+00 1.7781088466988681e-02 3.4338583439295314e+00 
 9.5997350486694710e-01  1.8697730739399194e+00  7.0932980809489461e+00 2.5017499438367639e-02 -3.1320304792706527e-01 
 9.5997350486694710e-01  1.8697730739399194e+00  1.3815858135612068e+01 2.7420553479431186e-02 -2.0972794845623106e+00 
 9.5997350486694710e-01  3.6418206651602221e+00  4.9286683121640795e-01 9.6610167030614161e-10 0.0000000000000000e+00 
 9.5997350486694710e-01  3.6418206651602221e+00  9.5997350486694710e-01 1.3685396510456382e-04 0.0000000000000000e+00 
 9.5997350486694710e-01  3.6418206651602221e+00  1.8697730739399194e+00 1.0507090926270980e-02 -4.5555644723390731e+00 
 9.5997350486694710e-01  3.6418206651602221e+00  3.6418206651602221e+00 4.3958237352210321e-02 -2.0227782728396190e-01 
 9.5997350486694710e-01  3.6418206651602221e+00  7.0932980809489461e+00 6.8825217646340128e-02 3.3163984934102477e+00 
 9.5997350486694710e-01  3.6418206651602221e+00  1.3815858135612068e+01 7.8270353778509341e-02 2.0433710509201299e+00 
 9.5997350486694710e-01  7.0932980809489461e+00  4.9286683121640795e-01 1.1716202837331692e-09 0.0000000000000000e+00 
 9.5997350486694710e-01  7.0932980809489461e+00  9.5997350486694710e-01 1.6533331499035575e-04 0.0000000000000000e+00 
 9.5997350486694710e-01  7.0932980809489461e+00  1.8697730739399194e+00 1.3938104884043239e-02 1.9895419704265871e+00 
 9.5997350486694710e-01  7.0932980809489461e+00  3.6418206651602221e+00 6.4678807782906508e-02 -2.6928307611506792e+00 
 9.5997350486694710e-01  7.0932980809489461e+00  7.0932980809489461e+00 1.0793574927841920e-01 7.1459749994272326e-01 
 9.5997350486694710e-01  7.0932980809489461e+00  1.3815858135612068e+01 1.2554073939741422e-01 -6.4440549048069373e-01 
 9.5997350486694710e-01  1.3815858135612068e+01  4.9286683121640795e-01 1.2442913191879582e-09 0.0000000000000000e+00 
 9.5997350486694710e-01  1.3815858135612068e+01  9.5997350486694710e-01 1.7513233820908990e-04 0.0000000000000000e+00 
 9.5997350486694710e-01  1.3815858135612068e+01  1.8697730739399194e+00 1.5173535528358952e-02 2.6373170895761153e+00 
 9.5997350486694710e-01  1.3815858135612068e+01  3.6418206651602221e+00 7.2769801916278506e-02 -3.2757994481479269e+00 
 9.5997350486694710e-01  1.3815858135612068e+01  7.0932980809489461e+00 1.2403537788556096e-01 9.2504167062659592e-01 
 9.5997350486694710e-01  1.3815858135612068e+01  1.3815858135612068e+01 1.4534424806748394e-01 -2.6301383549889851e-01 
 1.8697730739399194e+00  1.8697730739399194e+00  4.9286683121640795e-01 2.5868136138279609e-09 0.0000000000000000e+00 
 1.8697730739399194e+00  1.8697730739399194e+00  9.5997350486694710e-01 3.1221127916410303e-04 0.0000000000000000e+00 
 1.8697730739399194e+00  1.8697730739399194e+00  1.8697730739399194e+00 1.8203678703366730e-02 2.2715838991012802e+00 
 1.8697730739399194e+00  1.8697730739399194e+00  3.6418206651602221e+00 5.9427288837994911e-02 2.4595108253033682e+00 
 1.8697730739399194e+00  1.8697730739399194e+00  7.0932980809489461e+00 8.1781807199190204e-02 -5.0362685371759885e-01 
 1.8697730739399194e+00  1.8697730739399194e+00  1.3815858135612068e+01 8.9072693393903404e-02 -9.9383209937039241e-01 
 1.8697730739399194e+00  3.6418206651602221e+00  4.9286683121640795e-01 3.5471337205751506e-09 0.0000000000000000e+00 
 1.8697730739399194e+00  3.6418206651602221e+00  9.5997350486694710e-01 4.0056455796212763e-04 0.0000000000000000e+00 
 1.8697730739399194e+00  3.6418206651602221e+00  1.8697730739399194e+00 2.5355544820056995e-02 -1.0549704912170753e+01 
 1.8697730739399194e+00  3.6418206651602221e+00  3.6418206651602221e+00 9.4592304304349478e-02 -1.8776055954548307e+00 
 1.8697730739399194e+00  3.6418206651602221e+00  7.0932980809489461e+00 1.4124704746636429e-01 -1.3542362136865220e+00 
 1.8697730739399194e+00  3.6418206651602221e+00  1.3815858135612068e+01 1.5829237920455375e-01 4.4193069785156269e-01 
 1.8697730739399194e+00  7.0932980809489461e+00  4.9286683121640795e-01 3.8647093739041294e-09 0.0000000000000000e+00 
 1.8697730739399194e+00  7.0932980809489461e+00  9.5997350486694710e-01 4.2684223342599205e-04 0.0000000000000000e+00 
 1.8697730739399194e+00  7.0932980809489461e+00  1.8697730739399194e+00 2.8621892593147409e-02 -5.4058315392091949e-01 
 1.8697730739399194e+00  7.0932980809489461e+00  3.6418206651602221e+00 1.1654389730816582e-01 4.4286169227826316e-01 
 1.8697730739399194e+00  7.0932980809489461e+00  7.0932980809489461e+00 1.8430122266719715e-01 -4.5222810005370449e-02 
 1.8697730739399194e+00  7.0932980809489461e+00  1.3815858135612068e+01 2.1087540890711579e-01 1.8357776337555036e+00 
 1.8697730739399194e+00  1.3815858135612068e+01  4.9286683121640795e-01 3.9500364000497655e-09 0.0000000000000000e+00 
 1.8697730739399194e+00  1.3815858135612068e+01  9.5997350486694710e-01 4.3388412496403716e-04 0.0000000000000000e+00 
 1.8697730739399194e+00  1.3815858135612068e+01  1.8697730739399194e+00 2.9606303565259989e-02 8.8518165585744146e+00 
 1.8697730739399194e+00  1.3815858135612068e+01  3.6418206651602221e+00 1.2410588494334228e-01 4.8095904938347617e-01 
 1.8697730739399194e+00  1.3815858135612068e+01  7.0932980809489461e+00 2.0055577747054015e-01 -1.4044604753427437e+00 
 1.8697730739399194e+00  1.3815858135612068e+01  1.3815858135612068e+01 2.3136262724691159e-01 4.0881576935302211e-01 
 3.6418206651602221e+00  3.6418206651602221e+00  4.9286683121640795e-01 3.8287886861471496e-09 0.0000000000000000e+00 
 3.6418206651602221e+00  3.6418206651602221e+00  9.5997350486694710e-01 3.8723031540443138e-04 0.0000000000000000e+00 
 3.6418206651602221e+00  3.6418206651602221e+00  1.8697730739399194e+00 2.7980703430898923e-02 2.6089529321148759e+00 
 3.6418206651602221e+00  3.6418206651602221e+00  3.6418206651602221e+00 1.2572488029846171e-01 3.7023622516573900e+00 
 3.6418206651602221e+00  3.6418206651602221e+00  7.0932980809489461e+00 2.0585715838707525e-01 -1.5597098408170629e+00 
 3.6418206651602221e+00  3.6418206651602221e+00  1.3815858135612068e+01 2.3769941161926350e-01 -9.6199401214486835e-01 
 3.6418206651602221e+00  7.0932980809489461e+00  4.9286683121640795e-01 3.3576059038512449e-09 0.0000000000000000e+00 
 3.6418206651602221e+00  7.0932980809489461e+00  9.5997350486694710e-01 3.3211217471225331e-04 0.0000000000000000e+00 
 3.6418206651602221e+00  7.0932980809489461e+00  1.8697730739399194e+00 2.6290195793645256e-02 -2.3050456982982097e+00 
 3.6418206651602221e+00  7.0932980809489461e+00  3.6418206651602221e+00 1.2683688864990728e-01 -7.0586727914066408e-02 
 3.6418206651602221e+00  7.0932980809489461e+00  7.0932980809489461e+00 2.1397591545132294e-01 -1.3040420927705307e+00 
 3.6418206651602221e+00  7.0932980809489461e+00  1.3815858135612068e+01 2.4938765995708953e-01 1.9401479574590574e-01 
 3.6418206651602221e+00  1.3815858135612068e+01  4.9286683121640795e-01 3.1033387078070354e-09 0.0000000000000000e+00 
 3.6418206651602221e+00  1.3815858135612068e+01  9.5997350486694710e-01 3.0515564270965296e-04 0.0000000000000000e+00 
 3.6418206651602221e+00  1.3815858135612068e+01  1.8697730739399194e+00 2.4736541316956129e-02 -4.8665965304307078e-02 
 3.6418206651602221e+00  1.3815858135612068e+01  3.6418206651602221e+00 1.2122761349564277e-01 -1.7514766127895711e+00 
 3.6418206651602221e+00  1.3815858135612068e+01  7.0932980809489461e+00 2.0595156296404540e-01 -1.2090266011890753e+00 
 3.6418206651602221e+00  1.3815858135612068e+01  1.3815858135612068e+01 2.4059694739627793e-01 9.4734126344032121e-01 
 7.0932980809489461e+00  7.0932980809489461e+00  4.9286683121640795e-01 2.1032354908941990e-09 0.0000000000000000e+00 
 7.0932980809489461e+00  7.0932980809489461e+00  9.5997350486694710e-01 2.0763836795411605e-04 0.0000000000000000e+00 
 7.0932980809489461e+00  7.0932980809489461e+00  1.8697730739399194e+00 1.8345212491095633e-02 -2.6270222142056845e+00 
 7.0932980809489461e+00  7.0932980809489461e+00  3.6418206651602221e+00 9.4536644462156011e-02 -9.1313458213874177e-01 
 7.0932980809489461e+00  7.0932980809489461e+00  7.0932980809489461e+00 1.6407120991881421e-01 -4.7442138593226241e-01 
 7.0932980809489461e+00  7.0932980809489461e+00  1.3815858135612068e+01 1.9298270707064480e-01 4.3339058590985191e-02 
 7.0932980809489461e+00  1.3815858135612068e+01  4.9286683121640795e-01 1.4933629835770226e-09 0.0000000000000000e+00 
 7.0932980809489461e+00  1.3815858135612068e+01  9.5997350486694710e-01 1.4765185662213599e-04 0.0000000000000000e+00 
 7.0932980809489461e+00  1.3815858135612068e+01  1.8697730739399194e+00 1.3388790110847327e-02 1.5951800475230231e+00 
 7.0932980809489461e+00  1.3815858135612068e+01  3.6418206651602221e+00 6.9917255472353765e-02 -9.7203330332360047e-02 
 7.0932980809489461e+00  1.3815858135612068e+01  7.0932980809489461e+00 1.2208175903018285e-01 9.6662337265872378e-01 
 7.0932980809489461e+00  1.3815858135612068e+01  1.3815858135612068e+01 1.4388516600871082e-01 1.3310290633731505e+00 
 1.3815858135612068e+01  1.3815858135612068e+01  4.9286683121640795e-01 7.1239271707044057e-10 0.0000000000000000e+00 
 1.3815858135612068e+01  1.3815858135612068e+01  9.5997350486694710e-01 7.0911477988648756e-05 0.0000000000000000e+00 
 1.3815858135612068e+01  1.3815858135612068e+01  1.8697730739399194e+00 6.6084901983768478e-03 0.0000000000000000e+00 
 1.3815858135612068e+01  1.3815858135612068e+01  3.6418206651602221e+00 3.4990144430973799e-02 9.6574257497352178e-01 
 1.3815858135612068e+01  1.3815858135612068e+01  7.0932980809489461e+00 6.1502755162856929e-02 9.5847305142590444e-01 
 1.3815858135612068e+01  1.3815858135612068e+01  1.3815858135612068e+01 7.2648708234037213e-02 4.2879476646466952e-01 
# pair infor: O-O  O-Si # two body set: {eta, Rs, scales, coefs} centered order
# triplet infor: O-OO  O-OSi O-SiSi # three body set: {eta1, eta2, eta3, scales, coefs} centered order
O
Si O
60 60
56 126 126
 4.9286683121640795e-01  0.0000000000000000e+00 2.8253499129064281e-08 0.0000000000000000e+00 
 6.0198890705338348e-01  0.0000000000000000e+00 3.5149197452374911e-06 0.0000000000000000e+00 
 7.3527091145682877e-01  0.0000000000000000e+00 1.0938921941790644e-04 0.0000000000000000e+00 
 8.9806191924831269e-01  0.0000000000000000e+00 1.4597394931260160e-03 0.0000000000000000e+00 
 1.0968953051685049e+00  0.0000000000000000e+00 1.0398284325327125e-02 1.3024091986044342e+00 
 1.3397509511457530e+00  0.0000000000000000e+00 4.3734889448753166e-02 -1.7396641322955251e+00 
 1.6363755069771337e+00  0.0000000000000000e+00 1.2138433487018140e-01 -3.1106589253379990e-01 
 1.9986735576076173e+00  0.0000000000000000e+00 2.4753002186762221e-01 1.3851990912895851e-01 
 2.4411853959237431e+00  0.0000000000000000e+00 4.0796603302292000e-01 6.8850887713154327e-02 
 2.9816705757615862e+00  0.0000000000000000e+00 5.8776832364543041e-01 -1.1589776616184088e-02 
 3.6418206651602234e+00  0.0000000000000000e+00 7.7862944636935549e-01 2.2460261908325084e-02 
 4.4481298051514013e+00  0.0000000000000000e+00 9.7078291418544815e-01 1.2364812943779507e-01 
 5.4329580126663801e+00  0.0000000000000000e+00 1.1504818572347348e+00 1.8802512271888205e-01 
 6.6358299016391111e+00  0.0000000000000000e+00 1.3057968766373698e+00 1.6757220716811155e-01 
 8.1050209445437389e+00  0.0000000000000000e+00 1.4310849567013995e+00 8.2240902266276769e-02 
 9.8994949366116671e+00  0.0000000000000000e+00 1.5268213589654320e+00 -2.8163507937269142e-02 
 1.2091270419970126e+01  0.0000000000000000e+00 1.5971056946867821e+00 -1.3456540217115051e-01 
 1.4768311040611987e+01  0.0000000000000000e+00 1.6472522460590635e+00 -2.2351381442998128e-01 
 1.8038055838370770e+01  0.0000000000000000e+00 1.6823251548681220e+00 -2.9209509293529373e-01 
 2.2031731152833213e+01  0.0000000000000000e+00 1.7065214113593692e+00 -3.4242818181832096e-01 
 4.9286683121640795e-01  2.5000000000000000e+00 1.2479698637643002e+00 7.4804915376674830e-01 
 6.0198890705338348e-01  2.5000000000000000e+00 1.2743237910305552e+00 -1.4106642619909200e+00 
 7.3527091145682877e-01  2.5000000000000000e+00 1.2883491183452731e+00 2.8732875219258397e-01 
 8.9806191924831269e-01  2.5000000000000000e+00 1.2900127719593493e+00 1.0498536932113833e+00 
 1.0968953051685049e+00  2.5000000000000000e+00 1.2847570257582417e+00 2.0764227772579916e-01 
 1.3397509511457530e+00  2.5000000000000000e+00 1.2851557616057832e+00 -4.5392585031164950e-01 
 1.6363755069771337e+00  2.5000000000000000e+00 1.3054415618318531e+00 -4.6832230194136221e-01 
 1.9986735576076173e+00  2.5000000000000000e+00 1.3505539072033670e+00 -2.8180157924768817e-01 
 2.4411853959237431e+00  2.5000000000000000e+00 1.4134149344748996e+00 -1.0416160675809608e-01 
 2.9816705757615862e+00  2.5000000000000000e+00 1.4821658435005935e+00 9.1134030944717434e-02 
 3.6418206651602234e+00  2.5000000000000000e+00 1.5469476592153888e+00 2.4317672151407244e-01 
 4.4481298051514013e+00  2.5000000000000000e+00 1.6021690283304089e+00 2.8301349086242106e-01 
 5.4329580126663801e+00  2.5000000000000000e+00 1.6460186201980629e+00 2.1912914995186500e-01 
 6.6358299016391111e+00  2.5000000000000000e+00 1.6791072310059887e+00 1.0102471074798994e-01 
 8.1050209445437389e+00  2.5000000000000000e+00 1.7031815560902597e+00 -2.7038299782858228e-02 
 9.8994949366116671e+00  2.5000000000000000e+00 1.7202523243188137e+00 -1.4058077714095715e-01 
 1.2091270419970126e+01  2.5000000000000000e+00 1.7321420075029961e+00 -2.3114083811002098e-01 
 1.4768311040611987e+01  2.5000000000000000e+00 1.7403215500791513e+00 -2.9900336502326202e-01 
 1.8038055838370770e+01  2.5000000000000000e+00 1.7459014734273723e+00 -3.4792305067117463e-01 
 2.2031731152833213e+01  2.5000000000000000e+00 1.7496862729744322e+00 -3.8232325151902097e-01 
 4.9286683121640795e-01  5.0000000000000000e+00 1.1691463824021966e+00 7.3395008456179175e-02 
 6.0198890705338348e-01  5.0000000000000000e+00 1.1865746472907437e+00 -4.1820908035738447e-01 
 7.3527091145682877e-01  5.0000000000000000e+00 1.1897600490780715e+00 9.7669136890544761e-01 
 8.9806191924831269e-01  5.0000000000000000e+00 1.1882350038046181e+00 -6.0028201129896408e-01 
 1.0968953051685049e+00  5.0000000000000000e+00 1.1958476947089944e+00 -1.2042627874420810e+00 
 1.3397509511457530e+00  5.0000000000000000e+00 1.2218023606505037e+00 -2.9281135223366078e-01 
 1.6363755069771337e+00  5.0000000000000000e+00 1.2648335178661365e+00 7.1501086900966904e-01 
 1.9986735576076173e+00  5.0000000000000000e+00 1.3202933878804572e+00 1.1504192915998344e+00 
 2.4411853959237431e+00  5.0000000000000000e+00 1.3855037685063849e+00 1.1031305129274773e+00 
 2.9816705757615862e+00  5.0000000000000000e+00 1.4559973714131971e+00 8.3013483477140171e-01 
 3.6418206651602234e+00  5.0000000000000000e+00 1.5244574489941769e+00 5.1487143522628909e-01 
 4.4481298051514013e+00  5.0000000000000000e+00 1.5844420606555036e+00 2.4120243277034628e-01 
 5.4329580126663801e+00  5.0000000000000000e+00 1.6328762559045553e+00 3.0710725642117666e-02 
 6.6358299016391111e+00  5.0000000000000000e+00 1.6697355688024531e+00 -1.2171227402367642e-01 
 8.1050209445437389e+00  5.0000000000000000e+00 1.6966555300630921e+00 -2.2859688237588624e-01 
 9.8994949366116671e+00  5.0000000000000000e+00 1.7157726328928908e+00 -3.0222000526242221e-01 
 1.2091270419970126e+01  5.0000000000000000e+00 1.7290937255530874e+00 -3.5241076328782711e-01 
 1.4768311040611987e+01  5.0000000000000000e+00 1.7382584440187225e+00 -3.8641623683211812e-01 
 1.8038055838370770e+01  5.0000000000000000e+00 1.7445098590240589e+00 -4.0936830082219322e-01 
 2.2031731152833213e+01  5.0000000000000000e+00 1.7487496183649864e+00 -4.2482275902060662e-01 
 4.9286683121640795e-01  0.0000000000000000e+00 3.4326798677996233e-05 0.0000000000000000e+00 
 6.0198890705338348e-01  0.0000000000000000e+00 6.9949876075418198e-04 0.0000000000000000e+00 
 7.3527091145682877e-01  0.0000000000000000e+00 5.7915646666440411e-03 -5.9853690581096570e+00 
 8.9806191924831269e-01  0.0000000000000000e+00 2.5256371923772999e-02 8.5783670123130449e+00 
 1.0968953051685049e+00  0.0000000000000000e+00 7.0343644512311093e-02 -4.3809266089516292e+00 
 1.3397509511457530e+00  0.0000000000000000e+00 1.4273572826659445e-01 -4.8785019362992772e+00 
 1.6363755069771337e+00  0.0000000000000000e+00 2.3034090089850850e-01 -3.1058043167828625e-01 
 1.9986735576076173e+00  0.0000000000000000e+00 3.1735556127737785e-01 2.4635807619476529e+00 
 2.4411853959237431e+00  0.0000000000000000e+00 4.0069907304549351e-01 2.8276031308915330e+00 
 2.9816705757615862e+00  0.0000000000000000e+00 4.8863692706838346e-01 2.0806534733495847e+00 
 3.6418206651602234e+00  0.0000000000000000e+00 5.8528950399408797e-01 1.2030006820333912e+00 
 4.4481298051514013e+00  0.0000000000000000e+00 6.8629596369981771e-01 5.6459014831526000e-01 
 5.4329580126663801e+00  0.0000000000000000e+00 7.8362120707521132e-01 2.2090652663710408e-01 
 6.6358299016391111e+00  0.0000000000000000e+00 8.6997329286129488e-01 1.0566143070008770e-01 
 8.1050209445437389e+00  0.0000000000000000e+00 9.4119481725263010e-01 1.2273766527359455e-01 
 9.8994949366116671e+00  0.0000000000000000e+00 9.9657427762746120e-01 1.9539169877847082e-01 
 1.2091270419970126e+01  0.0000000000000000e+00 1.0377586058477379e+00 2.7878074890690013e-01 
 1.4768311040611987e+01  0.0000000000000000e+00 1.0674141790741594e+00 3.5276985977405351e-01 
 1.8038055838370770e+01  0.0000000000000000e+00 1.0882887212004759e+00 4.1132251967255190e-01 
 2.2031731152833213e+01  0.0000000000000000e+00 1.1027531875748551e+00 4.5485991200326314e-01 
 4.9286683121640795e-01  2.5000000000000000e+00 4.2920482644492408e-01 -3.6635995886388528e-01 
 6.0198890705338348e-01  2.5000000000000000e+00 4.9160207369854336e-01 6.7963029736192981e-01 
 7.3527091145682877e-01  2.5000000000000000e+00 5.6230243346285491e-01 -1.0446508089523214e+00 
 8.9806191924831269e-01  2.5000000000000000e+00 6.4133609603171216e-01 -1.2764752431111892e-01 
 1.0968953051685049e+00  2.5000000000000000e+00 7.2323608002674722e-01 -1.4659198748849006e-01 
 1.3397509511457530e+00  2.5000000000000000e+00 7.9967470310448718e-01 -7.8802243940728622e-01 
 1.6363755069771337e+00  2.5000000000000000e+00 8.6500443377666547e-01 -9.3088620052982474e-01 
 1.9986735576076173e+00  2.5000000000000000e+00 9.1816842929316522e-01 -7.8460396998946513e-01 
 2.4411853959237431e+00  2.5000000000000000e+00 9.6140633213602045e-01 -6.7105474103196006e-01 
 2.9816705757615862e+00  2.5000000000000000e+00 9.9770287756046194e-01 -6.2321205003189195e-01 
 3.6418206651602234e+00  2.5000000000000000e+00 1.0287905757021256e+00 -5.6122473189961553e-01 
 4.4481298051514013e+00  2.5000000000000000e+00 1.0550016229290822e+00 -4.3777750929355652e-01 
 5.4329580126663801e+00  2.5000000000000000e+00 1.0762312565397352e+00 -2.6655181572603220e-01 
 6.6358299016391111e+00  2.5000000000000000e+00 1.0926637334550247e+00 -8.4561451627853668e-02 
 8.1050209445437389e+00  2.5000000000000000e+00 1.1048878788008383e+00 7.9477013446036110e-02 
 9.8994949366116671e+00  2.5000000000000000e+00 1.1137046607720997e+00 2.1281799059027381e-01 
 1.2091270419970126e+01  2.5000000000000000e+00 1.1199215405926644e+00 3.1427450373128674e-01 
 1.4768311040611987e+01  2.5000000000000000e+00 1.1242355330606175e+00 3.8822919302940861e-01 
 1.8038055838370770e+01  2.5000000000000000e+00 1.1271960126518732e+00 4.4064143401560302e-01 
 2.2031731152833213e+01  2.5000000000000000e+00 1.1292122392974111e+00 4.7710249632906232e-01 
 4.9286683121640795e-01  5.0000000000000000e+00 8.4135800454643139e-01 -9.2596381221674712e-03 
 6.0198890705338348e-01  5.0000000000000000e+00 8.8944478562030893e-01 5.2985040338245429e-03 
 7.3527091145682877e-01  5.0000000000000000e+00 9.2708729378813215e-01 -3.2490992575575495e-01 
 8.9806191924831269e-01  5.0000000000000000e+00 9.5060511256348079e-01 -8.1816371481314553e-03 
 1.0968953051685049e+00  5.0000000000000000e+00 9.5824588049662218e-01 9.0893512103450669e-01 
 1.3397509511457530e+00  5.0000000000000000e+00 9.5595778577741131e-01 1.1435644048308689e+00 
 1.6363755069771337e+00  5.0000000000000000e+00 9.5536607333971379e-01 8.9700828595697682e-02 
 1.9986735576076173e+00  5.0000000000000000e+00 9.6275757054174516e-01 -1.0949471893913874e+00 
 2.4411853959237431e+00  5.0000000000000000e+00 9.7636810457826706e-01 -1.5711066568063583e+00 
 2.9816705757615862e+00  5.0000000000000000e+00 9.9388165138898976e-01 -1.4315094520656992e+00 
 3.6418206651602234e+00  5.0000000000000000e+00 1.0147131570369685e+00 -1.0316609106728070e+00 
 4.4481298051514013e+00  5.0000000000000000e+00 1.0374178928590971e+00 -6.1053358572712135e-01 
 5.4329580126663801e+00  5.0000000000000000e+00 1.0594409435235612e+00 -2.6368376186791448e-01 
 6.6358299016391111e+00  5.0000000000000000e+00 1.0786384015170949e+00 -6.8321629828568976e-03 
 8.1050209445437389e+00  5.0000000000000000e+00 1.0940570836089516e+00 1.7390929911001804e-01 
 9.8994949366116671e+00  5.0000000000000000e+00 1.1057409111387786e+00 2.9796737444327548e-01 
 1.2091270419970126e+01  5.0000000000000000e+00 1.1142474048145761e+00 3.8209554435531318e-01 
 1.4768311040611987e+01  5.0000000000000000e+00 1.1202749474820417e+00 4.3881290328828926e-01 
 1.8038055838370770e+01  5.0000000000000000e+00 1.1244686527211394e+00 4.7694203695685244e-01 
 2.2031731152833213e+01  5.0000000000000000e+00 1.1273508733179176e+00 5.0253925188169546e-01 
 4.9286683121640795e-01  4.9286683121640795e-01  4.9286683121640795e-01 9.9219683340927007e-28 0.0000000000000000e+00 
 4.9286683121640795e-01  4.9286683121640795e-01  9.5997350486694710e-01 1.8074814318954258e-20 0.0000000000000000e+00 
 4.9286683121640795e-01  4.9286683121640795e-01  1.8697730739399194e+00 2.0946403966746430e-18 0.0000000000000000e+00 
 4.9286683121640795e-01  4.9286683121640795e-01  3.6418206651602221e+00 7.6876957849803186e-18 0.0000000000000000e+00 
 4.9286683121640795e-01  4.9286683121640795e-01  7.0932980809489461e+00 1.1233743952031420e-17 0.0000000000000000e+00 
 4.9286683121640795e-01  4.9286683121640795e-01  1.3815858135612068e+01 1.2505961192808261e-17 0.0000000000000000e+00 
 4.9286683121640795e-01  9.5997350486694710e-01  9.5997350486694710e-01 3.1838378130259037e-14 0.0000000000000000e+00 
 4.9286683121640795e-01  9.5997350486694710e-01  1.8697730739399194e+00 4.7366378742784488e-12 0.0000000000000000e+00 
 4.9286683121640795e-01  9.5997350486694710e-01  3.6418206651602221e+00 4.0376296343232121e-11 0.0000000000000000e+00 
 4.9286683121640795e-01  9.5997350486694710e-01  7.0932980809489461e+00 7.7881325046796750e-11 0.0000000000000000e+00 
 4.9286683121640795e-01  9.5997350486694710e-01  1.3815858135612068e+01 9.3303100694874001e-11 0.0000000000000000e+00 
 4.9286683121640795e-01  1.8697730739399194e+00  1.8697730739399194e+00 2.5516764128148687e-09 0.0000000000000000e+00 
 4.9286683121640795e-01  1.8697730739399194e+00  3.6418206651602221e+00 2.0600525438028631e-08 0.0000000000000000e+00 
 4.9286683121640795e-01  1.8697730739399194e+00  7.0932980809489461e+00 3.9076490268581888e-08 0.0000000000000000e+00 
 4.9286683121640795e-01  1.8697730739399194e+00  1.3815858135612068e+01 4.6694756645235021e-08 0.0000000000000000e+00 
 4.9286683121640795e-01  3.6418206651602221e+00  3.6418206651602221e+00 1.5609031012502447e-07 0.0000000000000000e+00 
 4.9286683121640795e-01  3.6418206651602221e+00  7.0932980809489461e+00 2.9410985846290133e-07 0.0000000000000000e+00 
 4.9286683121640795e-01  3.6418206651602221e+00  1.3815858135612068e+01 3.5172038733971570e-07 0.0000000000000000e+00 
 4.9286683121640795e-01  7.0932980809489461e+00  7.0932980809489461e+00 5.5844893011257699e-07 0.0000000000000000e+00 
 4.9286683121640795e-01  7.0932980809489461e+00  1.3815858135612068e+01 6.7060633048805972e-07 0.0000000000000000e+00 
 4.9286683121640795e-01  1.3815858135612068e+01  1.3815858135612068e+01 8.0682589422419645e-07 0.0000000000000000e+00 
 9.5997350486694710e-01  9.5997350486694710e-01  9.5997350486694710e-01 3.5730877667615237e-08 0.0000000000000000e+00 
 9.5997350486694710e-01  9.5997350486694710e-01  1.8697730739399194e+00 2.2382169590343085e-06 0.0000000000000000e+00 
 9.5997350486694710e-01  9.5997350486694710e-01  3.6418206651602221e+00 8.6554941993878176e-06 0.0000000000000000e+00 
 9.5997350486694710e-01  9.5997350486694710e-01  7.0932980809489461e+00 1.3421083516563491e-05 0.0000000000000000e+00 
 9.5997350486694710e-01  9.5997350486694710e-01  1.3815858135612068e+01 1.5209688681865212e-05 0.0000000000000000e+00 
 9.5997350486694710e-01  1.8697730739399194e+00  1.8697730739399194e+00 1.6758835211355469e-04 0.0000000000000000e+00 
 9.5997350486694710e-01  1.8697730739399194e+00  3.6418206651602221e+00 7.8258838141415251e-04 0.0000000000000000e+00 
 9.5997350486694710e-01  1.8697730739399194e+00  7.0932980809489461e+00 1.3039788427578237e-03 0.0000000000000000e+00 
 9.5997350486694710e-01  1.8697730739399194e+00  1.3815858135612068e+01 1.5095547284569015e-03 0.0000000000000000e+00 
 9.5997350486694710e-01  3.6418206651602221e+00  3.6418206651602221e+00 4.2734080475367890e-03 1.8149554166631601e+00 
 9.5997350486694710e-01  3.6418206651602221e+00  7.0932980809489461e+00 7.6055504679228966e-03 -9.6641255904443402e-01 
 9.5997350486694710e-01  3.6418206651602221e+00  1.3815858135612068e+01 8.9931057146157168e-03 -2.3473930726145000e+00 
 9.5997350486694710e-01  7.0932980809489461e+00  7.0932980809489461e+00 1.3973562045088199e-02 9.5993643519080096e-01 
 9.5997350486694710e-01  7.0932980809489461e+00  1.3815858135612068e+01 1.6702846964083969e-02 6.3355040629212578e-01 
 9.5997350486694710e-01  1.3815858135612068e+01  1.3815858135612068e+01 2.0039603893060403e-02 3.4538478530705841e-01 
 1.8697730739399194e+00  1.8697730739399194e+00  1.8697730739399194e+00 9.7595407402930618e-03 1.3362200834882673e-01 
 1.8697730739399194e+00  1.8697730739399194e+00  3.6418206651602221e+00 3.5609519861521478e-02 1.1970555191798626e+00 
 1.8697730739399194e+00  1.8697730739399194e+00  7.0932980809489461e+00 5.3629703058135685e-02 -1.0359146023468901e+00 
 1.8697730739399194e+00  1.8697730739399194e+00  1.3815858135612068e+01 6.0244030766111761e-02 -2.3705590695828174e+00 
 1.8697730739399194e+00  3.6418206651602221e+00  3.6418206651602221e+00 1.2156462047123923e-01 1.1467100038314006e+00 
 1.8697730739399194e+00  3.6418206651602221e+00  7.0932980809489461e+00 1.8259367782278157e-01 7.6701472345527988e-01 
 1.8697730739399194e+00  3.6418206651602221e+00  1.3815858135612068e+01 2.0563000982591995e-01 1.1032041672928741e+00 
 1.8697730739399194e+00  7.0932980809489461e+00  7.0932980809489461e+00 2.8217605504203130e-01 -4.3213885470000118e-01 
 1.8697730739399194e+00  7.0932980809489461e+00  1.3815858135612068e+01 3.2204323397796863e-01 -5.9772792712875422e-01 
 1.8697730739399194e+00  1.3815858135612068e+01  1.3815858135612068e+01 3.6973520693723261e-01 -1.1665918935580475e+00 
 3.6418206651602221e+00  3.6418206651602221e+00  3.6418206651602221e+00 3.0665529977086908e-01 7.3449594935569373e-01 
 3.6418206651602221e+00  3.6418206651602221e+00  7.0932980809489461e+00 3.9466974692397061e-01 1.5405491725067449e-02 
 3.6418206651602221e+00  3.6418206651602221e+00  1.3815858135612068e+01 4.2014786351036282e-01 1.0281134099934724e-01 
 3.6418206651602221e+00  7.0932980809489461e+00  7.0932980809489461e+00 4.6448154958946331e-01 -2.1279872214453494e-01 
 3.6418206651602221e+00  7.0932980809489461e+00  1.3815858135612068e+01 4.7632264278556752e-01 1.8169931012559177e-03 
 3.6418206651602221e+00  1.3815858135612068e+01  1.3815858135612068e+01 4.8041773928662390e-01 3.6921014474113262e-01 
 7.0932980809489461e+00  7.0932980809489461e+00  7.0932980809489461e+00 4.2786857392528976e-01 -7.8281442886244709e-02 
 7.0932980809489461e+00  7.0932980809489461e+00  1.3815858135612068e+01 3.8174022597130608e-01 -9.9879656734184877e-02 
 7.0932980809489461e+00  1.3815858135612068e+01  1.3815858135612068e+01 3.0581953085105451e-01 -1.5279275394752237e-01 
 1.3815858135612068e+01  1.3815858135612068e+01  1.3815858135612068e+01 1.8964617273780143e-01 -4.6783037898697749e-01 
 4.9286683121640795e-01  4.9286683121640795e-01  4.9286683121640795e-01 5.3957111650507697e-17 0.0000000000000000e+00 
 4.9286683121640795e-01  4.9286683121640795e-01  9.5997350486694710e-01 1.5696659361205513e-13 0.0000000000000000e+00 
 4.9286683121640795e-01  4.9286683121640795e-01  1.8697730739399194e+00 1.4211424527533789e-12 0.0000000000000000e+00 
 4.9286683121640795e-01  4.9286683121640795e-01  3.6418206651602221e+00 2.9591355209728277e-12 0.0000000000000000e+00 
 4.9286683121640795e-01  4.9286683121640795e-01  7.0932980809489461e+00 3.8296137184170055e-12 0.0000000000000000e+00 
 4.9286683121640795e-01  4.9286683121640795e-01  1.3815858135612068e+01 4.1302965589467729e-12 0.0000000000000000e+00 
 4.9286683121640795e-01  9.5997350486694710e-01  9.5997350486694710e-01 4.6014582955389482e-10 0.0000000000000000e+00 
 4.9286683121640795e-01  9.5997350486694710e-01  1.8697730739399194e+00 4.0817340767527144e-09 0.0000000000000000e+00 
 4.9286683121640795e-01  9.5997350486694710e-01  3.6418206651602221e+00 8.7323158380821974e-09 0.0000000000000000e+00 
 4.9286683121640795e-01  9.5997350486694710e-01  7.0932980809489461e+00 1.1450079635373527e-08 0.0000000000000000e+00 
 4.9286683121640795e-01  9.5997350486694710e-01  1.3815858135612068e+01 1.2392098988009077e-08 0.0000000000000000e+00 
 4.9286683121640795e-01  1.8697730739399194e+00  1.8697730739399194e+00 3.7139162938098787e-08 0.0000000000000000e+00 
 4.9286683121640795e-01  1.8697730739399194e+00  3.6418206651602221e+00 8.4583451272296732e-08 0.0000000000000000e+00 
 4.9286683121640795e-01  1.8697730739399194e+00  7.0932980809489461e+00 1.1446975679658199e-07 0.0000000000000000e+00 
 4.9286683121640795e-01  1.8697730739399194e+00  1.3815858135612068e+01 1.2510713256848001e-07 0.0000000000000000e+00 
 4.9286683121640795e-01  3.6418206651602221e+00  3.6418206651602221e+00 2.1362032137493615e-07 0.0000000000000000e+00 
 4.9286683121640795e-01  3.6418206651602221e+00  7.0932980809489461e+00 3.0843237093476220e-07 0.0000000000000000e+00 
 4.9286683121640795e-01  3.6418206651602221e+00  1.3815858135612068e+01 3.4491945806636126e-07 0.0000000000000000e+00 
 4.9286683121640795e-01  7.0932980809489461e+00  7.0932980809489461e+00 4.6582145763435892e-07 0.0000000000000000e+00 
 4.9286683121640795e-01  7.0932980809489461e+00  1.3815858135612068e+01 5.2926424098612332e-07 0.0000000000000000e+00 
 4.9286683121640795e-01  1.3815858135612068e+01  1.3815858135612068e+01 6.0464826428171761e-07 0.0000000000000000e+00 
 9.5997350486694710e-01  4.9286683121640795e-01  4.9286683121640795e-01 2.9091356206927154e-11 0.0000000000000000e+00 
 9.5997350486694710e-01  4.9286683121640795e-01  9.5997350486694710e-01 2.8095395232120301e-08 0.0000000000000000e+00 
 9.5997350486694710e-01  4.9286683121640795e-01  1.8697730739399194e+00 2.0664086256219017e-07 0.0000000000000000e+00 
 9.5997350486694710e-01  4.9286683121640795e-01  3.6418206651602221e+00 3.7978626533731281e-07 0.0000000000000000e+00 
 9.5997350486694710e-01  4.9286683121640795e-01  7.0932980809489461e+00 4.6150366791859766e-07 0.0000000000000000e+00 
 9.5997350486694710e-01  4.9286683121640795e-01  1.3815858135612068e+01 4.8835341587444013e-07 0.0000000000000000e+00 
 9.5997350486694710e-01  9.5997350486694710e-01  9.5997350486694710e-01 2.2243777741734462e-05 0.0000000000000000e+00 
 9.5997350486694710e-01  9.5997350486694710e-01  1.8697730739399194e+00 1.5907984345496300e-04 0.0000000000000000e+00 
 9.5997350486694710e-01  9.5997350486694710e-01  3.6418206651602221e+00 3.0085143569904811e-04 0.0000000000000000e+00 
 9.5997350486694710e-01  9.5997350486694710e-01  7.0932980809489461e+00 3.7287923671842460e-04 0.0000000000000000e+00 
 9.5997350486694710e-01  9.5997350486694710e-01  1.3815858135612068e+01 3.9695791721047204e-04 0.0000000000000000e+00 
 9.5997350486694710e-01  1.8697730739399194e+00  1.8697730739399194e+00 1.2207964269737620e-03 0.0000000000000000e+00 
 9.5997350486694710e-01  1.8697730739399194e+00  3.6418206651602221e+00 2.5162702312137427e-03 0.0000000000000000e+00 
 9.5997350486694710e-01  1.8697730739399194e+00  7.0932980809489461e+00 3.2718280636116356e-03 6.3781389607239491e-01 
 9.5997350486694710e-01  1.8697730739399194e+00  1.3815858135612068e+01 3.5376255305360556e-03 -1.0742451949839638e+00 
 9.5997350486694710e-01  3.6418206651602221e+00  3.6418206651602221e+00 5.7080061233996714e-03 -1.7254878377967031e+00 
 9.5997350486694710e-01  3.6418206651602221e+00  7.0932980809489461e+00 7.9439114416659344e-03 3.3877017103537810e-01 
 9.5997350486694710e-01  3.6418206651602221e+00  1.3815858135612068e+01 8.8071199269236043e-03 1.5201275024424710e+00 
 9.5997350486694710e-01  7.0932980809489461e+00  7.0932980809489461e+00 1.1653670389401441e-02 1.0206110380185283e+00 
 9.5997350486694710e-01  7.0932980809489461e+00  1.3815858135612068e+01 1.3169879730591534e-02 5.1971869999126667e-02 
 9.5997350486694710e-01  1.3815858135612068e+01  1.3815858135612068e+01 1.4984418847012347e-02 -1.7837348676778224e+00 
 1.8697730739399194e+00  4.9286683121640795e-01  4.9286683121640795e-01 1.9167581552982818e-09 0.0000000000000000e+00 
 1.8697730739399194e+00  4.9286683121640795e-01  9.5997350486694710e-01 2.0445538184752065e-06 0.0000000000000000e+00 
 1.8697730739399194e+00  4.9286683121640795e-01  1.8697730739399194e+00 1.7591541088385755e-05 0.0000000000000000e+00 
 1.8697730739399194e+00  4.9286683121640795e-01  3.6418206651602221e+00 3.8472217007158161e-05 0.0000000000000000e+00 
 1.8697730739399194e+00  4.9286683121640795e-01  7.0932980809489461e+00 5.1805869227865774e-05 0.0000000000000000e+00 
 1.8697730739399194e+00  4.9286683121640795e-01  1.3815858135612068e+01 5.6701362113847003e-05 0.0000000000000000e+00 
 1.8697730739399194e+00  9.5997350486694710e-01  9.5997350486694710e-01 1.2303007230493703e-03 0.0000000000000000e+00 
 1.8697730739399194e+00  9.5997350486694710e-01  1.8697730739399194e+00 7.6403866019005406e-03 2.6339016429311277e+00 
 1.8697730739399194e+00  9.5997350486694710e-01  3.6418206651602221e+00 1.4444046733587601e-02 -9.1369682572307944e+00 
 1.8697730739399194e+00  9.5997350486694710e-01  7.0932980809489461e+00 1.8461926044312980e-02 1.3988483994523144e+00 
 1.8697730739399194e+00  9.5997350486694710e-01  1.3815858135612068e+01 1.9908060998491895e-02 6.1546779791073236e+00 
 1.8697730739399194e+00  1.8697730739399194e+00  1.8697730739399194e+00 3.9854607210937254e-02 6.4609649513280732e-03 
 1.8697730739399194e+00  1.8697730739399194e+00  3.6418206651602221e+00 6.9096055495579567e-02 -1.1961597471654080e+01 
 1.8697730739399194e+00  1.8697730739399194e+00  7.0932980809489461e+00 8.5024230043405424e-02 2.5288966096451673e+00 
 1.8697730739399194e+00  1.8697730739399194e+00  1.3815858135612068e+01 9.0523761964211330e-02 1.2436335026961947e+01 
 1.8697730739399194e+00  3.6418206651602221e+00  3.6418206651602221e+00 1.2562365869811346e-01 -5.1302917319643617e+00 
 1.8697730739399194e+00  3.6418206651602221e+00  7.0932980809489461e+00 1.6278518833511074e-01 -8.8918375620208961e-02 
 1.8697730739399194e+00  3.6418206651602221e+00  1.3815858135612068e+01 1.7667318171235810e-01 4.0941526831822461e+00 
 1.8697730739399194e+00  7.0932980809489461e+00  7.0932980809489461e+00 2.2160100067375185e-01 -8.7054510225215531e-01 
 1.8697730739399194e+00  7.0932980809489461e+00  1.3815858135612068e+01 2.4491201502008983e-01 3.6170716695442445e-01 
 1.8697730739399194e+00  1.3815858135612068e+01  1.3815858135612068e+01 2.7248266791724080e-01 3.1888909326527043e-01 
 3.6418206651602221e+00  4.9286683121640795e-01  4.9286683121640795e-01 6.5197414320506052e-09 0.0000000000000000e+00 
 3.6418206651602221e+00  4.9286683121640795e-01  9.5997350486694710e-01 7.2600578306388982e-06 0.0000000000000000e+00 
 3.6418206651602221e+00  4.9286683121640795e-01  1.8697730739399194e+00 6.7396433324694462e-05 0.0000000000000000e+00 
 3.6418206651602221e+00  4.9286683121640795e-01  3.6418206651602221e+00 1.7033632962495102e-04 0.0000000000000000e+00 
 3.6418206651602221e+00  4.9286683121640795e-01  7.0932980809489461e+00 2.5296768971346109e-04 0.0000000000000000e+00 
 3.6418206651602221e+00  4.9286683121640795e-01  1.3815858135612068e+01 2.8623220766460950e-04 0.0000000000000000e+00 
 3.6418206651602221e+00  9.5997350486694710e-01  9.5997350486694710e-01 4.0235851603839688e-03 2.2067558151199357e-01 
 3.6418206651602221e+00  9.5997350486694710e-01  1.8697730739399194e+00 2.4284650075931388e-02 -1.9288413487071416e+00 
 3.6418206651602221e+00  9.5997350486694710e-01  3.6418206651602221e+00 5.2444675806210012e-02 -4.3214499996733785e-01 
 3.6418206651602221e+00  9.5997350486694710e-01  7.0932980809489461e+00 7.5158376352621542e-02 -2.5321016564285248e-01 
 3.6418206651602221e+00  9.5997350486694710e-01  1.3815858135612068e+01 8.4362962358740301e-02 -2.5725053332468590e+00 
 3.6418206651602221e+00  1.8697730739399194e+00  1.8697730739399194e+00 1.0025234672246713e-01 3.9240657839499962e+00 
 3.6418206651602221e+00  1.8697730739399194e+00  3.6418206651602221e+00 1.6211882451926646e-01 3.4278961843691653e+00 
 3.6418206651602221e+00  1.8697730739399194e+00  7.0932980809489461e+00 2.0676007986188480e-01 1.9978655880863676e+00 
 3.6418206651602221e+00  1.8697730739399194e+00  1.3815858135612068e+01 2.2450014605352112e-01 -1.8717264152233881e+00 
 3.6418206651602221e+00  3.6418206651602221e+00  3.6418206651602221e+00 2.1850178098382914e-01 -4.1317902959502101e-01 
 3.6418206651602221e+00  3.6418206651602221e+00  7.0932980809489461e+00 2.5670758899509649e-01 -2.8755055009043775e+00 
 3.6418206651602221e+00  3.6418206651602221e+00  1.3815858135612068e+01 2.7025298407835124e-01 -4.6720995800939793e+00 
 3.6418206651602221e+00  7.0932980809489461e+00  7.0932980809489461e+00 2.9738183710958038e-01 6.2147056739678141e-01 
 3.6418206651602221e+00  7.0932980809489461e+00  1.3815858135612068e+01 3.1132546981949655e-01 7.0547787911907323e-01 
 3.6418206651602221e+00  1.3815858135612068e+01  1.3815858135612068e+01 3.2528414613373302e-01 7.4132098213820985e-01 
 7.0932980809489461e+00  4.9286683121640795e-01  4.9286683121640795e-01 9.0867608127860885e-09 0.0000000000000000e+00 
 7.0932980809489461e+00  4.9286683121640795e-01  9.5997350486694710e-01 1.0241411125486213e-05 0.0000000000000000e+00 
 7.0932980809489461e+00  4.9286683121640795e-01  1.8697730739399194e+00 9.7877532439653170e-05 0.0000000000000000e+00 
 7.0932980809489461e+00  4.9286683121640795e-01  3.6418206651602221e+00 2.6945641609695074e-04 0.0000000000000000e+00 
 7.0932980809489461e+00  4.9286683121640795e-01  7.0932980809489461e+00 4.2518676172257264e-04 0.0000000000000000e+00 
 7.0932980809489461e+00  4.9286683121640795e-01  1.3815858135612068e+01 4.9110933918793446e-04 0.0000000000000000e+00 
 7.0932980809489461e+00  9.5997350486694710e-01  9.5997350486694710e-01 5.5278170641955464e-03 -9.1637403974305382e-03 
 7.0932980809489461e+00  9.5997350486694710e-01  1.8697730739399194e+00 3.3191869697974413e-02 1.2952063017471520e+00 
 7.0932980809489461e+00  9.5997350486694710e-01  3.6418206651602221e+00 7.8773567025739483e-02 4.9156719989745268e-01 
 7.0932980809489461e+00  9.5997350486694710e-01  7.0932980809489461e+00 1.2151113404032256e-01 1.2916343399339942e+00 
 7.0932980809489461e+00  9.5997350486694710e-01  1.3815858135612068e+01 1.3981867335258163e-01 1.9516138975926625e-01 
 7.0932980809489461e+00  1.8697730739399194e+00  1.8697730739399194e+00 1.2363307836606219e-01 3.1062126648376492e-01 
 7.0932980809489461e+00  1.8697730739399194e+00  3.6418206651602221e+00 2.0080096070612666e-01 3.8560467314575081e-01 
 7.0932980809489461e+00  1.8697730739399194e+00  7.0932980809489461e+00 2.7525822598593880e-01 3.2245151477074585e-01 
 7.0932980809489461e+00  1.8697730739399194e+00  1.3815858135612068e+01 3.0855220999317562e-01 -3.8268627096031782e+00 
 7.0932980809489461e+00  3.6418206651602221e+00  3.6418206651602221e+00 2.1800950560508445e-01 -8.6227301103680067e-03 
 7.0932980809489461e+00  3.6418206651602221e+00  7.0932980809489461e+00 2.3348931134285020e-01 8.4175800528336409e-01 
 7.0932980809489461e+00  3.6418206651602221e+00  1.3815858135612068e+01 2.3841111907375118e-01 -9.2525651489572383e-02 
 7.0932980809489461e+00  7.0932980809489461e+00  7.0932980809489461e+00 2.1112274886735349e-01 1.9716224874612094e+00 
 7.0932980809489461e+00  7.0932980809489461e+00  1.3815858135612068e+01 1.9778078909889515e-01 1.4414455028068465e+00 
 7.0932980809489461e+00  1.3815858135612068e+01  1.3815858135612068e+01 1.7645302830713944e-01 -2.9410043311261497e-01 
 1.3815858135612068e+01  4.9286683121640795e-01  4.9286683121640795e-01 9.9241544217179956e-09 0.0000000000000000e+00 
 1.3815858135612068e+01  4.9286683121640795e-01  9.5997350486694710e-01 1.1221462586297257e-05 0.0000000000000000e+00 
 1.3815858135612068e+01  4.9286683121640795e-01  1.8697730739399194e+00 1.0821420286535503e-04 0.0000000000000000e+00 
 1.3815858135612068e+01  4.9286683121640795e-01  3.6418206651602221e+00 3.0711048080937602e-04 0.0000000000000000e+00 
 1.3815858135612068e+01  4.9286683121640795e-01  7.0932980809489461e+00 4.9504632827104030e-04 0.0000000000000000e+00 
 1.3815858135612068e+01  4.9286683121640795e-01  1.3815858135612068e+01 5.7589216838034585e-04 0.0000000000000000e+00 
 1.3815858135612068e+01  9.5997350486694710e-01  9.5997350486694710e-01 6.0117008047057717e-03 -2.4075274663177376e-01 
 1.3815858135612068e+01  9.5997350486694710e-01  1.8697730739399194e+00 3.6068548404098927e-02 1.1578061450474606e+00 
 1.3815858135612068e+01  9.5997350486694710e-01  3.6418206651602221e+00 8.8585839421934778e-02 -1.4166028452697386e+00 
 1.3815858135612068e+01  9.5997350486694710e-01  7.0932980809489461e+00 1.4015272672811757e-01 8.6988973999038255e-01 
 1.3815858135612068e+01  9.5997350486694710e-01  1.3815858135612068e+01 1.6261603539798861e-01 7.4568502070817866e-01 
 1.3815858135612068e+01  1.8697730739399194e+00  1.8697730739399194e+00 1.2996023361779235e-01 -2.2845092233426403e+00 
 1.3815858135612068e+01  1.8697730739399194e+00  3.6418206651602221e+00 2.1237260136912614e-01 -2.2392070003232445e+00 
 1.3815858135612068e+01  1.8697730739399194e+00  7.0932980809489461e+00 3.0040905863553574e-01 1.2078717742684146e+00 
 1.3815858135612068e+01  1.8697730739399194e+00  1.3815858135612068e+01 3.4118663794537812e-01 -1.3836754260097739e+00 
 1.3815858135612068e+01  3.6418206651602221e+00  3.6418206651602221e+00 2.0943322354238961e-01 -2.0906819356785293e+00 
 1.3815858135612068e+01  3.6418206651602221e+00  7.0932980809489461e+00 2.1217637560880534e-01 2.2325471735941447e+00 
 1.3815858135612068e+01  3.6418206651602221e+00  1.3815858135612068e+01 2.1268403719179610e-01 4.5750160707041161e+00 
 1.3815858135612068e+01  7.0932980809489461e+00  7.0932980809489461e+00 1.5568490796898127e-01 -1.2727916088849953e+00 
 1.3815858135612068e+01  7.0932980809489461e+00  1.3815858135612068e+01 1.2756229334440305e-01 -2.4354234645571318e-01 
 1.3815858135612068e+01  1.3815858135612068e+01  1.3815858135612068e+01 8.7165850141455739e-02 -1.8722698109074611e+00 
 4.9286683121640795e-01  4.9286683121640795e-01  4.9286683121640795e-01 2.0492352487018576e-19 0.0000000000000000e+00 
 4.9286683121640795e-01  4.9286683121640795e-01  9.5997350486694710e-01 9.9265032926484146e-13 0.0000000000000000e+00 
 4.9286683121640795e-01  4.9286683121640795e-01  1.8697730739399194e+00 3.0503545555160703e-10 0.0000000000000000e+00 
 4.9286683121640795e-01  4.9286683121640795e-01  3.6418206651602221e+00 1.4666414158481548e-09 0.0000000000000000e+00 
 4.9286683121640795e-01  4.9286683121640795e-01  7.0932980809489461e+00 2.2262008746162088e-09 0.0000000000000000e+00 
 4.9286683121640795e-01  4.9286683121640795e-01  1.3815858135612068e+01 2.4856911663011084e-09 0.0000000000000000e+00 
 4.9286683121640795e-01  9.5997350486694710e-01  4.9286683121640795e-01 7.2564977559459761e-16 0.0000000000000000e+00 
 4.9286683121640795e-01  9.5997350486694710e-01  9.5997350486694710e-01 1.3112589569289226e-09 0.0000000000000000e+00 
 4.9286683121640795e-01  9.5997350486694710e-01  1.8697730739399194e+00 2.6722174644937545e-07 0.0000000000000000e+00 
 4.9286683121640795e-01  9.5997350486694710e-01  3.6418206651602221e+00 1.3605127579074145e-06 0.0000000000000000e+00 
 4.9286683121640795e-01  9.5997350486694710e-01  7.0932980809489461e+00 2.1242583611864313e-06 0.0000000000000000e+00 
 4.9286683121640795e-01  9.5997350486694710e-01  1.3815858135612068e+01 2.3918919876764153e-06 0.0000000000000000e+00 
 4.9286683121640795e-01  1.8697730739399194e+00  4.9286683121640795e-01 6.7322090758211056e-15 0.0000000000000000e+00 
 4.9286683121640795e-01  1.8697730739399194e+00  9.5997350486694710e-01 1.2696280232622988e-08 0.0000000000000000e+00 
 4.9286683121640795e-01  1.8697730739399194e+00  1.8697730739399194e+00 2.7799018345544770e-06 0.0000000000000000e+00 
 4.9286683121640795e-01  1.8697730739399194e+00  3.6418206651602221e+00 1.5877221905670560e-05 0.0000000000000000e+00 
 4.9286683121640795e-01  1.8697730739399194e+00  7.0932980809489461e+00 2.5993950556811333e-05 0.0000000000000000e+00 
 4.9286683121640795e-01  1.8697730739399194e+00  1.3815858135612068e+01 2.9696268514768076e-05 0.0000000000000000e+00 
 4.9286683121640795e-01  3.6418206651602221e+00  4.9286683121640795e-01 1.3356930201218891e-14 0.0000000000000000e+00 
 4.9286683121640795e-01  3.6418206651602221e+00  9.5997350486694710e-01 3.0203781676048041e-08 0.0000000000000000e+00 
 4.9286683121640795e-01  3.6418206651602221e+00  1.8697730739399194e+00 7.5308539484330824e-06 0.0000000000000000e+00 
 4.9286683121640795e-01  3.6418206651602221e+00  3.6418206651602221e+00 5.1404684655858765e-05 0.0000000000000000e+00 
 4.9286683121640795e-01  3.6418206651602221e+00  7.0932980809489461e+00 9.2728528528732997e-05 0.0000000000000000e+00 
 4.9286683121640795e-01  3.6418206651602221e+00  1.3815858135612068e+01 1.0951416020378114e-04 0.0000000000000000e+00 
 4.9286683121640795e-01  7.0932980809489461e+00  4.9286683121640795e-01 1.7059449187339991e-14 0.0000000000000000e+00 
 4.9286683121640795e-01  7.0932980809489461e+00  9.5997350486694710e-01 4.3573666380277119e-08 0.0000000000000000e+00 
 4.9286683121640795e-01  7.0932980809489461e+00  1.8697730739399194e+00 1.1309912180855378e-05 0.0000000000000000e+00 
 4.9286683121640795e-01  7.0932980809489461e+00  3.6418206651602221e+00 8.4856445577123824e-05 0.0000000000000000e+00 
 4.9286683121640795e-01  7.0932980809489461e+00  7.0932980809489461e+00 1.6168969133911371e-04 0.0000000000000000e+00 
 4.9286683121640795e-01  7.0932980809489461e+00  1.3815858135612068e+01 1.9458460905049833e-04 0.0000000000000000e+00 
 4.9286683121640795e-01  1.3815858135612068e+01  4.9286683121640795e-01 1.8380062097158373e-14 0.0000000000000000e+00 
 4.9286683121640795e-01  1.3815858135612068e+01  9.5997350486694710e-01 4.8778345350125928e-08 0.0000000000000000e+00 
 4.9286683121640795e-01  1.3815858135612068e+01  1.8697730739399194e+00 1.2789644569208516e-05 0.0000000000000000e+00 
 4.9286683121640795e-01  1.3815858135612068e+01  3.6418206651602221e+00 9.8838843660433904e-05 0.0000000000000000e+00 
 4.9286683121640795e-01  1.3815858135612068e+01  7.0932980809489461e+00 1.9164605833248057e-04 0.0000000000000000e+00 
 4.9286683121640795e-01  1.3815858135612068e+01  1.3815858135612068e+01 2.3201282345346340e-04 0.0000000000000000e+00 
 9.5997350486694710e-01  9.5997350486694710e-01  4.9286683121640795e-01 1.4502209530779300e-12 0.0000000000000000e+00 
 9.5997350486694710e-01  9.5997350486694710e-01  9.5997350486694710e-01 1.7637044658911580e-06 0.0000000000000000e+00 
 9.5997350486694710e-01  9.5997350486694710e-01  1.8697730739399194e+00 1.7601011653674146e-04 0.0000000000000000e+00 
 9.5997350486694710e-01  9.5997350486694710e-01  3.6418206651602221e+00 8.5239942405396858e-04 0.0000000000000000e+00 
 9.5997350486694710e-01  9.5997350486694710e-01  7.0932980809489461e+00 1.3335867568791836e-03 0.0000000000000000e+00 
 9.5997350486694710e-01  9.5997350486694710e-01  1.3815858135612068e+01 1.5036463996766526e-03 0.0000000000000000e+00 
 9.5997350486694710e-01  1.8697730739399194e+00  4.9286683121640795e-01 9.5851364623947745e-12 0.0000000000000000e+00 
 9.5997350486694710e-01  1.8697730739399194e+00  9.5997350486694710e-01 1.1522833717539844e-05 0.0000000000000000e+00 
 9.5997350486694710e-01  1.8697730739399194e+00  1.8697730739399194e+00 1.0982281513938325e-03 0.0000000000000000e+00 
 9.5997350486694710e-01  1.8697730739399194e+00  3.6418206651602221e+00 5.5158365915796174e-03 6.8691005130916716e-01 
 9.5997350486694710e-01  1.8697730739399194e+00  7.0932980809489461e+00 8.8174493985659769e-03 -7.4582997064423784e-01 
 9.5997350486694710e-01  1.8697730739399194e+00  1.3815858135612068e+01 1.0011921104352986e-02 -5.4198099181882153e-01 
 9.5997350486694710e-01  3.6418206651602221e+00  4.9286683121640795e-01 1.6161396160302873e-11 0.0000000000000000e+00 
 9.5997350486694710e-01  3.6418206651602221e+00  9.5997350486694710e-01 2.0036656392343805e-05 0.0000000000000000e+00 
 9.5997350486694710e-01  3.6418206651602221e+00  1.8697730739399194e+00 2.3979335386834495e-03 0.0000000000000000e+00 
 9.5997350486694710e-01  3.6418206651602221e+00  3.6418206651602221e+00 1.5195708469897228e-02 -2.1791228681248458e+00 
 9.5997350486694710e-01  3.6418206651602221e+00  7.0932980809489461e+00 2.7092363500752014e-02 1.5851485559983693e+00 
 9.5997350486694710e-01  3.6418206651602221e+00  1.3815858135612068e+01 3.1902426805342061e-02 2.2903754095046489e+00 
 9.5997350486694710e-01  7.0932980809489461e+00  4.9286683121640795e-01 1.9105213754690674e-11 0.0000000000000000e+00 
 9.5997350486694710e-01  7.0932980809489461e+00  9.5997350486694710e-01 2.4431860369283485e-05 0.0000000000000000e+00 
 9.5997350486694710e-01  7.0932980809489461e+00  1.8697730739399194e+00 3.4118893348892873e-03 -2.9815443504579781e-01 
 9.5997350486694710e-01  7.0932980809489461e+00  3.6418206651602221e+00 2.4420119252305833e-02 -7.0559720315151075e-01 
 9.5997350486694710e-01  7.0932980809489461e+00  7.0932980809489461e+00 4.6223018061775943e-02 -2.1395957819410270e+00 
 9.5997350486694710e-01  7.0932980809489461e+00  1.3815858135612068e+01 5.5538557510571386e-02 -2.3960701094996577e+00 
 9.5997350486694710e-01  1.3815858135612068e+01  4.9286683121640795e-01 2.0067162177393992e-11 0.0000000000000000e+00 
 9.5997350486694710e-01  1.3815858135612068e+01  9.5997350486694710e-01 2.5962625490327576e-05 0.0000000000000000e+00 
 9.5997350486694710e-01  1.3815858135612068e+01  1.8697730739399194e+00 3.8054899604929582e-03 2.9771952807622065e-01 
 9.5997350486694710e-01  1.3815858135612068e+01  3.6418206651602221e+00 2.8233997121751866e-02 2.1569705981879674e+00 
 9.5997350486694710e-01  1.3815858135612068e+01  7.0932980809489461e+00 5.4443411803135798e-02 6.8671654769021606e-01 
 9.5997350486694710e-01  1.3815858135612068e+01  1.3815858135612068e+01 6.5827697437346219e-02 7.9033270351643869e-01 
 1.8697730739399194e+00  1.8697730739399194e+00  4.9286683121640795e-01 4.4486940107141510e-11 0.0000000000000000e+00 
 1.8697730739399194e+00  1.8697730739399194e+00  9.5997350486694710e-01 5.1894494029093365e-05 0.0000000000000000e+00 
 1.8697730739399194e+00  1.8697730739399194e+00  1.8697730739399194e+00 4.6278422413076970e-03 -6.7396385750486043e-01 
 1.8697730739399194e+00  1.8697730739399194e+00  3.6418206651602221e+00 2.2812805830145812e-02 5.9051429519507943e+00 
 1.8697730739399194e+00  1.8697730739399194e+00  7.0932980809489461e+00 3.6204859792000797e-02 -1.8538209665194503e+00 
 1.8697730739399194e+00  1.8697730739399194e+00  1.3815858135612068e+01 4.0996810312523162e-02 -3.8630182276493557e+00 
 1.8697730739399194e+00  3.6418206651602221e+00  4.9286683121640795e-01 5.7119991422009202e-11 0.0000000000000000e+00 
 1.8697730739399194e+00  3.6418206651602221e+00  9.5997350486694710e-01 6.7833610989947492e-05 0.0000000000000000e+00 
 1.8697730739399194e+00  3.6418206651602221e+00  1.8697730739399194e+00 6.9819151741595201e-03 -2.9303338304019400e-01 
 1.8697730739399194e+00  3.6418206651602221e+00  3.6418206651602221e+00 4.0207014186647058e-02 -1.7901331313029585e+00 
 1.8697730739399194e+00  3.6418206651602221e+00  7.0932980809489461e+00 6.8743316790325776e-02 -7.0048915814826118e-01 
 1.8697730739399194e+00  3.6418206651602221e+00  1.3815858135612068e+01 7.9824326065908530e-02 7.6209078538419406e-02 
 1.8697730739399194e+00  7.0932980809489461e+00  4.9286683121640795e-01 5.9455565490404094e-11 0.0000000000000000e+00 
 1.8697730739399194e+00  7.0932980809489461e+00  9.5997350486694710e-01 7.2348832680560319e-05 0.0000000000000000e+00 
 1.8697730739399194e+00  7.0932980809489461e+00  1.8697730739399194e+00 8.4211256452109990e-03 1.0171166870011310e+00 
 1.8697730739399194e+00  7.0932980809489461e+00  3.6418206651602221e+00 5.5080520419358722e-02 5.4894315100544877e-01 
 1.8697730739399194e+00  7.0932980809489461e+00  7.0932980809489461e+00 1.0111853375374777e-01 -1.2974374329977496e+00 
 1.8697730739399194e+00  7.0932980809489461e+00  1.3815858135612068e+01 1.2041071089398055e-01 -1.8683997525967162e+00 
 1.8697730739399194e+00  1.3815858135612068e+01  4.9286683121640795e-01 5.9955725513977255e-11 0.0000000000000000e+00 
 1.8697730739399194e+00  1.3815858135612068e+01  9.5997350486694710e-01 7.3597097574328344e-05 0.0000000000000000e+00 
 1.8697730739399194e+00  1.3815858135612068e+01  1.8697730739399194e+00 8.9317928683890786e-03 -1.8520790556174299e-01 
 1.8697730739399194e+00  1.3815858135612068e+01  3.6418206651602221e+00 6.0968617688048267e-02 1.9622983594549661e+00 
 1.8697730739399194e+00  1.3815858135612068e+01  7.0932980809489461e+00 1.1476838901529447e-01 1.3340635607729252e+00 
 1.8697730739399194e+00  1.3815858135612068e+01  1.3815858135612068e+01 1.3787576908410745e-01 1.2163274236629318e+00 
 3.6418206651602221e+00  3.6418206651602221e+00  4.9286683121640795e-01 5.3543347519229552e-11 0.0000000000000000e+00 
 3.6418206651602221e+00  3.6418206651602221e+00  9.5997350486694710e-01 6.4998862132762062e-05 0.0000000000000000e+00 
 3.6418206651602221e+00  3.6418206651602221e+00  1.8697730739399194e+00 7.0098076075933513e-03 -2.9642358032200139e-01 
 3.6418206651602221e+00  3.6418206651602221e+00  3.6418206651602221e+00 4.2902343937414579e-02 1.0571836670097765e+00 
 3.6418206651602221e+00  3.6418206651602221e+00  7.0932980809489461e+00 7.5181535300042707e-02 4.9869712806040206e-01 
 3.6418206651602221e+00  3.6418206651602221e+00  1.3815858135612068e+01 8.7888391294669022e-02 -3.7341866476507407e-01 
 3.6418206651602221e+00  7.0932980809489461e+00  4.9286683121640795e-01 4.3982535484331919e-11 0.0000000000000000e+00 
 3.6418206651602221e+00  7.0932980809489461e+00  9.5997350486694710e-01 5.4643497480566594e-05 0.0000000000000000e+00 
 3.6418206651602221e+00  7.0932980809489461e+00  1.8697730739399194e+00 6.1983299431633016e-03 -3.5649384954075769e-01 
 3.6418206651602221e+00  7.0932980809489461e+00  3.6418206651602221e+00 4.0952732078396843e-02 1.9945928328065297e+00 
 3.6418206651602221e+00  7.0932980809489461e+00  7.0932980809489461e+00 7.4780620745634171e-02 6.4830858083600451e-01 
 3.6418206651602221e+00  7.0932980809489461e+00  1.3815858135612068e+01 8.8629732668538491e-02 -1.4363777195954053e+00 
 3.6418206651602221e+00  1.3815858135612068e+01  4.9286683121640795e-01 3.9895240576165364e-11 0.0000000000000000e+00 
 3.6418206651602221e+00  1.3815858135612068e+01  9.5997350486694710e-01 4.9893148862965579e-05 0.0000000000000000e+00 
 3.6418206651602221e+00  1.3815858135612068e+01  1.8697730739399194e+00 5.7438014422137151e-03 -1.1260184587989379e+00 
 3.6418206651602221e+00  1.3815858135612068e+01  3.6418206651602221e+00 3.9040104582211167e-02 -1.4054966142018808e+00 
 3.6418206651602221e+00  1.3815858135612068e+01  7.0932980809489461e+00 7.2586223674766345e-02 5.1953526038988984e-01 
 3.6418206651602221e+00  1.3815858135612068e+01  1.3815858135612068e+01 8.6592378611793946e-02 -4.3548298151782239e-01 
 7.0932980809489461e+00  7.0932980809489461e+00  4.9286683121640795e-01 2.5821832300763603e-11 0.0000000000000000e+00 
 7.0932980809489461e+00  7.0932980809489461e+00  9.5997350486694710e-01 3.2800585708952880e-05 0.0000000000000000e+00 
 7.0932980809489461e+00  7.0932980809489461e+00  1.8697730739399194e+00 3.7950516170465187e-03 1.3180649179268753e+00 
 7.0932980809489461e+00  7.0932980809489461e+00  3.6418206651602221e+00 2.6631714790336221e-02 1.3633735581424371e+00 
 7.0932980809489461e+00  7.0932980809489461e+00  7.0932980809489461e+00 5.0054204118247195e-02 1.9800584054145296e+00 
 7.0932980809489461e+00  7.0932980809489461e+00  1.3815858135612068e+01 5.9840011474609600e-02 -8.4754478160657176e-01 
 7.0932980809489461e+00  1.3815858135612068e+01  4.9286683121640795e-01 1.8030216523367051e-11 0.0000000000000000e+00 
 7.0932980809489461e+00  1.3815858135612068e+01  9.5997350486694710e-01 2.3026158437921246e-05 0.0000000000000000e+00 
 7.0932980809489461e+00  1.3815858135612068e+01  1.8697730739399194e+00 2.6745492415545884e-03 0.0000000000000000e+00 
 7.0932980809489461e+00  1.3815858135612068e+01  3.6418206651602221e+00 1.9178654322444848e-02 -2.5749036124557039e+00 
 7.0932980809489461e+00  1.3815858135612068e+01  7.0932980809489461e+00 3.6477227922671461e-02 8.0599509948215187e-01 
 7.0932980809489461e+00  1.3815858135612068e+01  1.3815858135612068e+01 4.3778347224284232e-02 -1.2172793208163730e+00 
 1.3815858135612068e+01  1.3815858135612068e+01  4.9286683121640795e-01 8.4923077644905893e-12 0.0000000000000000e+00 
 1.3815858135612068e+01  1.3815858135612068e+01  9.5997350486694710e-01 1.0899713977952115e-05 0.0000000000000000e+00 
 1.3815858135612068e+01  1.3815858135612068e+01  1.8697730739399194e+00 1.2694671511023280e-03 0.0000000000000000e+00 
 1.3815858135612068e+01  1.3815858135612068e+01  3.6418206651602221e+00 9.2841964568135555e-03 -1.3332000407218927e+00 
 1.3815858135612068e+01  1.3815858135612068e+01  7.0932980809489461e+00 1.7827430943766567e-02 1.7281108941808827e+00 
 1.3815858135612068e+01  1.3815858135612068e+01  1.3815858135612068e+01 2.1457500462754447e-02 -6.7311855577863333e-01 
